2.394699999999999918e+01	2.438817102647603363e+01
2.561100000000000065e+01	2.657652229024592572e+01
2.159400000000000119e+01	2.377174805579898020e+01
2.354500000000000171e+01	2.488302595399703421e+01
2.144699999999999918e+01	2.072747209696248660e+01
2.318599999999999994e+01	2.306424242533136848e+01
2.458199999999999719e+01	2.260629464524626187e+01
2.782900000000000063e+01	2.520654594622886790e+01
2.363199999999999790e+01	2.260392729409227286e+01
1.922599999999999909e+01	2.000657528261371354e+01
2.548900000000000077e+01	2.198998764747700108e+01
2.361199999999999832e+01	2.366116249566885443e+01
2.204699999999999704e+01	2.502336567719892457e+01
2.641499999999999915e+01	2.353469608759332488e+01
2.084600000000000009e+01	2.323160391931317648e+01
2.082600000000000051e+01	2.091655398000932564e+01
2.631500000000000128e+01	2.315958781628550867e+01
2.796599999999999753e+01	2.653765150025545694e+01
2.055699999999999861e+01	2.378753177441961597e+01
2.268499999999999872e+01	2.227329984717142963e+01
1.858500000000000085e+01	2.042507551823326040e+01
2.325199999999999889e+01	2.310444988602614558e+01
2.838599999999999923e+01	2.531495540987721071e+01
2.035399999999999920e+01	2.142858020313661882e+01
2.062400000000000233e+01	2.072992300940185828e+01
1.999800000000000111e+01	2.039026324937705326e+01
2.370499999999999829e+01	2.301906263866451141e+01
2.557499999999999929e+01	2.496265859054535241e+01
2.248699999999999832e+01	2.569053250892941875e+01
2.091800000000000281e+01	2.341202348804398525e+01
2.266499999999999915e+01	2.405668659505643348e+01
2.416800000000000281e+01	2.277561643854982876e+01
2.135699999999999932e+01	2.191916169862505370e+01
2.389699999999999847e+01	2.276033619949102160e+01
2.649399999999999977e+01	2.385803891053015846e+01
1.953500000000000014e+01	2.064292570168575125e+01
2.891099999999999781e+01	2.377246732909112836e+01
2.161100000000000065e+01	2.308595468565357578e+01
2.487300000000000111e+01	2.385024355323260892e+01
2.318900000000000006e+01	2.318741531285093771e+01
1.526299999999999990e+01	2.035326724994033043e+01
2.579400000000000048e+01	2.391256280253042021e+01
2.372800000000000153e+01	2.409368895983500636e+01
2.636699999999999733e+01	2.369479338089776377e+01
2.833300000000000196e+01	2.449857944493356499e+01
2.021300000000000097e+01	2.310584529108242791e+01
2.620800000000000196e+01	2.419900731892033718e+01
2.371300000000000097e+01	2.144628692763938815e+01
2.441300000000000026e+01	2.492012845657115605e+01
2.014199999999999946e+01	1.974081687135110030e+01
2.435599999999999810e+01	2.252880424463402420e+01
2.253800000000000026e+01	2.315124888133050618e+01
2.504500000000000171e+01	2.347837343917979780e+01
1.932600000000000051e+01	2.052676680863274328e+01
2.152100000000000080e+01	2.057416993795340687e+01
2.417199999999999704e+01	2.158972279346019718e+01
2.399199999999999733e+01	2.213017582116622606e+01
2.672199999999999775e+01	2.547800130817279651e+01
2.361800000000000210e+01	2.360209976902884677e+01
2.172500000000000142e+01	2.171483678821105201e+01
2.484099999999999753e+01	2.456672604412905159e+01
2.065800000000000125e+01	2.248178999940998679e+01
2.436800000000000210e+01	2.240430549309767017e+01
2.411599999999999966e+01	2.020437328784488784e+01
2.484400000000000119e+01	2.440878737392727871e+01
1.805300000000000082e+01	2.000402862763596801e+01
2.313800000000000168e+01	2.413797272743664024e+01
2.202300000000000324e+01	2.169691450906375962e+01
2.474800000000000111e+01	2.127849763646033310e+01
1.805900000000000105e+01	2.088759798404796797e+01
1.945100000000000051e+01	2.120935012613571757e+01
2.528699999999999903e+01	2.344405763125202569e+01
2.373300000000000054e+01	2.072511316035561180e+01
1.965500000000000114e+01	2.143643227905544180e+01
2.323600000000000065e+01	2.360988638481949309e+01
2.161199999999999832e+01	2.036833335032306991e+01
2.324500000000000099e+01	2.178073008187602255e+01
2.512300000000000111e+01	2.523748875435923011e+01
2.428099999999999881e+01	2.267120072003802989e+01
2.460699999999999932e+01	2.271945933263084427e+01
2.296599999999999753e+01	2.396379222710138635e+01
2.669300000000000139e+01	2.349633319768208750e+01
1.754200000000000159e+01	1.988629421090204374e+01
2.728699999999999903e+01	2.462746523218807582e+01
2.008299999999999841e+01	2.391003928539053547e+01
2.273300000000000054e+01	2.174906315055054762e+01
2.348300000000000054e+01	2.141743876033714500e+01
1.908500000000000085e+01	2.220011950058832539e+01
2.042299999999999827e+01	1.914513911538676183e+01
1.770299999999999940e+01	2.110312845377453783e+01
2.446400000000000219e+01	2.301234557509423340e+01
2.079500000000000171e+01	2.115755394955563062e+01
2.045499999999999829e+01	2.232458038808585599e+01
2.303099999999999881e+01	2.355254261463053922e+01
2.027299999999999969e+01	1.911183351361763982e+01
2.471800000000000352e+01	2.329634916509334275e+01
2.222199999999999775e+01	2.225448478324554813e+01
1.849399999999999977e+01	2.342820245356836040e+01
2.084800000000000253e+01	2.102265161157606599e+01
2.144599999999999795e+01	2.190382158293593307e+01
1.887800000000000011e+01	2.111561262232940805e+01
2.531099999999999994e+01	2.467241924400175179e+01
1.686899999999999977e+01	1.890848934246779578e+01
2.787000000000000099e+01	2.506223253118557182e+01
2.105300000000000082e+01	2.027814236782504764e+01
1.494900000000000162e+01	1.689641515053986254e+01
1.839099999999999824e+01	1.861258925230719896e+01
2.517900000000000205e+01	2.389133739567091297e+01
2.152699999999999747e+01	2.031200865828929736e+01
2.382600000000000051e+01	2.534104315685411279e+01
1.800400000000000134e+01	2.334449136432456129e+01
2.367300000000000182e+01	2.302594808929748993e+01
2.236699999999999733e+01	2.126201777945061266e+01
2.438400000000000034e+01	2.073144571377264356e+01
2.370100000000000051e+01	2.170867497627505927e+01
2.302699999999999747e+01	2.326513668082045072e+01
2.306500000000000128e+01	2.301817639704398744e+01
2.296300000000000097e+01	2.326259429397824974e+01
2.526199999999999690e+01	2.217398039009261623e+01
2.592399999999999949e+01	2.504626561702015053e+01
2.594900000000000162e+01	2.368199930685749166e+01
1.829799999999999827e+01	1.952874258936111929e+01
2.108500000000000085e+01	2.114746715623691387e+01
2.649099999999999966e+01	2.143294249300076615e+01
1.564599999999999902e+01	2.185918929639592534e+01
2.873400000000000176e+01	2.767550634721528269e+01
2.199300000000000210e+01	2.110703379502576382e+01
2.093400000000000105e+01	2.232179525333117454e+01
2.639600000000000080e+01	2.521786995695638822e+01
2.136300000000000310e+01	2.074884645051030319e+01
2.313899999999999935e+01	2.202527139666749179e+01
2.519300000000000139e+01	2.047348884532782876e+01
2.332300000000000040e+01	2.034676114616959808e+01
2.462500000000000000e+01	2.300404904763439617e+01
1.966199999999999903e+01	2.391662739829639506e+01
2.005599999999999739e+01	2.293038444810244059e+01
1.837699999999999889e+01	2.272994625621744191e+01
1.930000000000000071e+01	2.032892669743448266e+01
2.191499999999999915e+01	2.141572746972170549e+01
2.298099999999999810e+01	2.291195786335736528e+01
2.424199999999999733e+01	2.266361253082082072e+01
2.268199999999999861e+01	2.126057558646047596e+01
2.461300000000000310e+01	2.185135790931738953e+01
2.225000000000000000e+01	1.982514364054138412e+01
2.305999999999999872e+01	2.148008834431048086e+01
2.018700000000000117e+01	2.157175433080629645e+01
2.070300000000000296e+01	2.270637436460440739e+01
1.836799999999999855e+01	2.169379237645132008e+01
2.411699999999999733e+01	2.332170291027380316e+01
2.050300000000000011e+01	2.215501822911235763e+01
2.554800000000000182e+01	2.558547325587921506e+01
2.023799999999999955e+01	2.285613436893441985e+01
1.993299999999999983e+01	2.141920408253734109e+01
2.126999999999999957e+01	2.191228222431126227e+01
2.192099999999999937e+01	2.253954995563104546e+01
2.449099999999999966e+01	2.485575848766924878e+01
1.989600000000000080e+01	2.206288481384918754e+01
2.233099999999999952e+01	2.364194007894721494e+01
2.562000000000000099e+01	2.476571192552722778e+01
2.105800000000000338e+01	2.237503879777978000e+01
2.462699999999999889e+01	2.713319151726309642e+01
2.456699999999999662e+01	2.468163851543013720e+01
2.355099999999999838e+01	2.109011904352762556e+01
2.430800000000000338e+01	2.110685457726554404e+01
1.928500000000000014e+01	1.988694880810040644e+01
2.452199999999999847e+01	2.445354553940518727e+01
1.925000000000000000e+01	2.015297987962407333e+01
2.123400000000000176e+01	2.118518266606373857e+01
2.040700000000000003e+01	2.236701452994231332e+01
1.898999999999999844e+01	2.217731882589567505e+01
1.864099999999999824e+01	2.137087922919402416e+01
2.162300000000000111e+01	2.014349105410017415e+01
2.539999999999999858e+01	2.483811918189271495e+01
2.258300000000000196e+01	2.124417536592438083e+01
2.363599999999999923e+01	2.267459892369692298e+01
2.296000000000000085e+01	2.396165631816852581e+01
2.333900000000000219e+01	2.202841798228326908e+01
2.763899999999999935e+01	2.634998829784305485e+01
2.217699999999999960e+01	2.285622061445541675e+01
2.384900000000000020e+01	2.263142256442153766e+01
2.484099999999999753e+01	2.163407366371232854e+01
2.336300000000000310e+01	2.235912898098493073e+01
2.149300000000000210e+01	2.235388671105952696e+01
2.126500000000000057e+01	2.147890674454817272e+01
2.020799999999999841e+01	1.898544670754115415e+01
1.594900000000000162e+01	2.065588649864844584e+01
2.588100000000000023e+01	2.199057679748757010e+01
2.413199999999999790e+01	2.231155472003348095e+01
2.362699999999999889e+01	2.478474522708538785e+01
2.224800000000000111e+01	2.360200177698209956e+01
2.062099999999999866e+01	2.150883208458337492e+01
2.782800000000000296e+01	2.447334557580821013e+01
2.410599999999999810e+01	2.226201901015314988e+01
2.710699999999999932e+01	2.541616957693157630e+01
2.526300000000000168e+01	2.315653706866988415e+01
2.107800000000000296e+01	2.166365575991725834e+01
1.792200000000000060e+01	2.264597730168453893e+01
2.314300000000000068e+01	2.542069393197511573e+01
2.387400000000000233e+01	2.213583797459356362e+01
2.023300000000000054e+01	2.386273153577310779e+01
2.630199999999999960e+01	2.458721207729918845e+01
2.649099999999999966e+01	2.540426738791418870e+01
2.458399999999999963e+01	2.088615360619585104e+01
2.169500000000000028e+01	2.182008891587238963e+01
2.476199999999999690e+01	2.524381842071271365e+01
2.439499999999999957e+01	2.345348236707628331e+01
2.189499999999999957e+01	2.412059785351953778e+01
2.504199999999999804e+01	2.499149915810619405e+01
2.215500000000000114e+01	2.242900311008851943e+01
2.003000000000000114e+01	2.060382216899355967e+01
2.690800000000000125e+01	2.026488642857803413e+01
2.743699999999999761e+01	2.511433036135111152e+01
2.173699999999999832e+01	2.268045978589478295e+01
2.284900000000000020e+01	2.230687388745358390e+01
2.241900000000000048e+01	2.083777899153806601e+01
2.151199999999999690e+01	2.271051339441076777e+01
2.295400000000000063e+01	2.384981387162562427e+01
2.259099999999999753e+01	2.523337483272515769e+01
2.639999999999999858e+01	2.360495864290741963e+01
2.292599999999999838e+01	2.441844742111130984e+01
2.373000000000000043e+01	2.162001018921827011e+01
2.287099999999999866e+01	2.235269513465131652e+01
2.277199999999999847e+01	2.226634341555242003e+01
2.411499999999999844e+01	2.142031022500790627e+01
2.303800000000000026e+01	2.121493888450816101e+01
1.786299999999999955e+01	2.189480309757259491e+01
1.929299999999999926e+01	2.194655238658280894e+01
2.146800000000000352e+01	2.044578831955378817e+01
2.157699999999999818e+01	2.109852068849832563e+01
2.333300000000000196e+01	2.277189970911214800e+01
2.389099999999999824e+01	2.148233715737775285e+01
2.292999999999999972e+01	2.232639362880544098e+01
2.391400000000000148e+01	2.450696933730077021e+01
2.191499999999999915e+01	2.327206617317635562e+01
2.409699999999999775e+01	2.093731857480183223e+01
2.477300000000000324e+01	2.175087447780698824e+01
2.169300000000000139e+01	2.102515571434264174e+01
2.124399999999999977e+01	2.193573450261171587e+01
2.322100000000000009e+01	2.439987818384549101e+01
2.279500000000000171e+01	2.173212589438973552e+01
2.264199999999999946e+01	2.461408572321795063e+01
2.114800000000000324e+01	2.270886870778972977e+01
2.032700000000000173e+01	2.076827683789898771e+01
2.286400000000000077e+01	2.183701498163303967e+01
2.375600000000000023e+01	2.576404164001554875e+01
1.871099999999999852e+01	2.283823956319574933e+01
2.552199999999999847e+01	2.094287272196379490e+01
1.969900000000000162e+01	2.145948858556847583e+01
2.288400000000000034e+01	2.165795652319103226e+01
2.176999999999999957e+01	2.023458115944247027e+01
2.344599999999999795e+01	2.239385770204614445e+01
2.471999999999999886e+01	2.400235502866511439e+01
2.160000000000000142e+01	2.143177170711191692e+01
2.080999999999999872e+01	2.020761798033994694e+01
2.186899999999999977e+01	2.250294606611427639e+01
2.382400000000000162e+01	2.516196452299073272e+01
2.269900000000000162e+01	2.283828924367436031e+01
2.160900000000000176e+01	2.310192265498771391e+01
2.166900000000000048e+01	2.068085067084171769e+01
1.855599999999999739e+01	2.267389382545223597e+01
2.054400000000000048e+01	2.003197629481406494e+01
2.261499999999999844e+01	2.232602993782463585e+01
2.579199999999999804e+01	2.368345398598418683e+01
2.454300000000000281e+01	2.292013212813060363e+01
2.090800000000000125e+01	2.247800114885976441e+01
2.174900000000000233e+01	2.026258368568552726e+01
2.416800000000000281e+01	2.161563565879679416e+01
2.433300000000000196e+01	2.113237476046066021e+01
2.510800000000000054e+01	2.353714761483385232e+01
2.212699999999999889e+01	2.183549029121505569e+01
2.470800000000000196e+01	2.203993454248928074e+01
2.523300000000000054e+01	2.183385441223515855e+01
2.313100000000000023e+01	2.477648478499085627e+01
2.179400000000000048e+01	1.906041482247245966e+01
2.048499999999999943e+01	2.306374796966881746e+01
2.110699999999999932e+01	2.243077727509006181e+01
2.397100000000000009e+01	2.166400766726279770e+01
2.488899999999999935e+01	2.196250933416592233e+01
2.207099999999999795e+01	2.133619749982344160e+01
2.172599999999999909e+01	2.204951902583558621e+01
2.722100000000000009e+01	2.558989034837857446e+01
2.381500000000000128e+01	2.373429055596294290e+01
2.571900000000000119e+01	2.218874975876893885e+01
2.243800000000000239e+01	2.437087567877998140e+01
2.130000000000000071e+01	2.207477039640507499e+01
1.961200000000000188e+01	2.336117195533846314e+01
2.537099999999999866e+01	2.364256832251965434e+01
2.553599999999999781e+01	2.314703685787649334e+01
2.417599999999999838e+01	2.280156683765729753e+01
2.494300000000000139e+01	2.669830336818452210e+01
2.104699999999999704e+01	2.249098801708049677e+01
2.755400000000000205e+01	2.309087527481482027e+01
2.580900000000000105e+01	2.666135500430076277e+01
2.605300000000000082e+01	2.142169837513147712e+01
2.482300000000000040e+01	2.493306488646796737e+01
2.095499999999999829e+01	2.210267779981659331e+01
2.243300000000000338e+01	2.113215558240600345e+01
2.404699999999999704e+01	2.416445101792760397e+01
2.199699999999999989e+01	2.428780873848090138e+01
2.536400000000000077e+01	2.302629450489961727e+01
2.613899999999999935e+01	2.272789447507588889e+01
2.129800000000000182e+01	2.104510309391089251e+01
2.169500000000000028e+01	2.110713043773683495e+01
2.079500000000000171e+01	1.941031731736552146e+01
2.258599999999999852e+01	2.424128662368003972e+01
2.071800000000000352e+01	2.122075174362500150e+01
2.200099999999999767e+01	2.226833546270136566e+01
2.687099999999999866e+01	2.770994376470995135e+01
1.971000000000000085e+01	2.115501247853372035e+01
1.725600000000000023e+01	1.829387236774396897e+01
2.216800000000000281e+01	1.891695403201207881e+01
2.283500000000000085e+01	2.174661058116648960e+01
2.379199999999999804e+01	2.482691793468713115e+01
2.019000000000000128e+01	2.147226829160779360e+01
1.909400000000000119e+01	2.266006830490377766e+01
2.360800000000000054e+01	2.334682583457151139e+01
2.624099999999999966e+01	2.660362589808230638e+01
2.295300000000000296e+01	2.470577805043971864e+01
2.367699999999999960e+01	2.201294326678246804e+01
1.796199999999999974e+01	1.694459508391783586e+01
2.455099999999999838e+01	2.673931233339630253e+01
2.705900000000000105e+01	2.622501305493747736e+01
2.542199999999999704e+01	2.443562890632666296e+01
2.375400000000000134e+01	2.379792320172206388e+01
1.640200000000000102e+01	2.108450142251709991e+01
1.940599999999999881e+01	2.111864248553451873e+01
2.114099999999999824e+01	2.079661810658594945e+01
2.443400000000000105e+01	2.382630105931788478e+01
2.274900000000000233e+01	2.146744056651480648e+01
2.254899999999999949e+01	2.070580386696164155e+01
2.084499999999999886e+01	2.322617480421003577e+01
2.200800000000000267e+01	1.898869461996228480e+01
2.136499999999999844e+01	2.381654149340810989e+01
1.735399999999999920e+01	2.019810459872025632e+01
2.677899999999999991e+01	2.489309217730810531e+01
2.546900000000000119e+01	2.527327259545426230e+01
2.811599999999999966e+01	2.603192387070462743e+01
2.378500000000000014e+01	2.383931310005361581e+01
2.370499999999999829e+01	2.480803114856264457e+01
2.033999999999999986e+01	2.247938604529887385e+01
2.449399999999999977e+01	2.388753245170650885e+01
2.340699999999999648e+01	2.442471988462812149e+01
2.245699999999999719e+01	2.028906745999941208e+01
2.043299999999999983e+01	2.378876798077567045e+01
2.500400000000000134e+01	2.367413036924856584e+01
1.755000000000000071e+01	2.040258972360481948e+01
2.614499999999999957e+01	2.342623017821128784e+01
2.166099999999999781e+01	2.061573221126165123e+01
2.161899999999999977e+01	2.261219218218742810e+01
2.192300000000000182e+01	2.239376259691689697e+01
2.171400000000000219e+01	2.325299963514810031e+01
2.263599999999999923e+01	2.349402379668749319e+01
2.484699999999999775e+01	2.519335832143759646e+01
2.544099999999999895e+01	2.320496015850055826e+01
2.076999999999999957e+01	2.060970954847632441e+01
1.843200000000000216e+01	2.205380669887285450e+01
2.363100000000000023e+01	2.399518259666499986e+01
2.481500000000000128e+01	2.359690207624784719e+01
2.428699999999999903e+01	1.942596916968774323e+01
2.489199999999999946e+01	2.380615294526306513e+01
2.432000000000000028e+01	2.507259484612375999e+01
2.544400000000000261e+01	2.219077848271096087e+01
1.774200000000000088e+01	1.766215066465845496e+01
2.626800000000000068e+01	2.441879816310853002e+01
2.595400000000000063e+01	2.398716736598759880e+01
2.462099999999999866e+01	2.328967253760120570e+01
2.839600000000000080e+01	2.473351533268950675e+01
2.105000000000000071e+01	2.294244970755270074e+01
1.914700000000000202e+01	1.997400069786618815e+01
2.036899999999999977e+01	2.206288518530929110e+01
1.989000000000000057e+01	2.052861332139030637e+01
2.906500000000000128e+01	2.638720081314318833e+01
2.274800000000000111e+01	2.205486685745394837e+01
1.743700000000000117e+01	2.094102928701342492e+01
2.100300000000000011e+01	2.169659388663126620e+01
1.813599999999999923e+01	2.125279696178346356e+01
2.278400000000000247e+01	1.938593529182233510e+01
2.576699999999999946e+01	2.070398765731361124e+01
2.165199999999999747e+01	2.205709960648080070e+01
2.264999999999999858e+01	2.390002929197798665e+01
1.948700000000000188e+01	1.941381539718731730e+01
2.504400000000000048e+01	2.469809164190091622e+01
2.362999999999999901e+01	2.548579890726083974e+01
1.909900000000000020e+01	2.281906360006506063e+01
2.361599999999999966e+01	2.272829588227218522e+01
2.100099999999999767e+01	1.946911471854221887e+01
2.209400000000000119e+01	2.463356881837912127e+01
2.585199999999999676e+01	2.465387938980521909e+01
2.104400000000000048e+01	2.263777965425863314e+01
2.270800000000000196e+01	2.212740207506915624e+01
2.531900000000000261e+01	2.524416650301922971e+01
2.184800000000000253e+01	2.056618032046361932e+01
1.912300000000000111e+01	2.325083014694860140e+01
1.899900000000000233e+01	2.492652599230083865e+01
2.566000000000000014e+01	2.421455585082613382e+01
1.708399999999999963e+01	2.269573947860055796e+01
2.471300000000000097e+01	2.170900608152001965e+01
1.778200000000000003e+01	2.271036636497172623e+01
2.024699999999999989e+01	1.958376446787058001e+01
2.335500000000000043e+01	2.318962706407761587e+01
2.703900000000000148e+01	2.562384361742606131e+01
2.312699999999999889e+01	2.167752038199327558e+01
2.412400000000000233e+01	2.172942627213442890e+01
1.995100000000000051e+01	2.100733569733572637e+01
2.237500000000000000e+01	2.143652781598554213e+01
2.000600000000000023e+01	2.213506295233043986e+01
2.292300000000000182e+01	2.214804298807401040e+01
2.663100000000000023e+01	2.346756193325189344e+01
2.041799999999999926e+01	2.084182827056615039e+01
2.074500000000000099e+01	1.990771208091063471e+01
2.213500000000000156e+01	2.200230158252507096e+01
2.237699999999999889e+01	2.217342735671018517e+01
2.555199999999999960e+01	2.284304149650583327e+01
2.013799999999999812e+01	2.227372774316977910e+01
2.134199999999999875e+01	2.202567193349443286e+01
2.362400000000000233e+01	2.072119332241356560e+01
1.864900000000000091e+01	2.105044046050105777e+01
2.442199999999999704e+01	2.248207754971267391e+01
2.342999999999999972e+01	2.301576705387670074e+01
2.360199999999999676e+01	2.385394279706805420e+01
2.550600000000000023e+01	2.536940798650611839e+01
2.193599999999999994e+01	2.147058637459801034e+01
1.546499999999999986e+01	2.013890311763440977e+01
2.407300000000000040e+01	2.127375015079891440e+01
2.173800000000000310e+01	2.346821157227201482e+01
2.220699999999999719e+01	1.989936423900437035e+01
1.948300000000000054e+01	2.013692030606339500e+01
2.072400000000000020e+01	2.233713801723713743e+01
1.796099999999999852e+01	2.172211610997117504e+01
2.567500000000000071e+01	2.582937606060415092e+01
2.236199999999999832e+01	2.111072188522892645e+01
1.923499999999999943e+01	2.269992707720744463e+01
2.276699999999999946e+01	2.555501638587164948e+01
2.402400000000000091e+01	2.423577484433511131e+01
2.395300000000000296e+01	2.115589756510619779e+01
2.417699999999999960e+01	2.280336935010012667e+01
2.464300000000000068e+01	2.093695953483373273e+01
2.578000000000000114e+01	2.378375030071482854e+01
1.797599999999999909e+01	2.013766771358436714e+01
1.430900000000000105e+01	2.052584096489728793e+01
2.384699999999999775e+01	2.289097401471054027e+01
1.904500000000000171e+01	2.154905953522211703e+01
1.763700000000000045e+01	2.100015854115829939e+01
2.183900000000000219e+01	2.045979135607487720e+01
2.310099999999999909e+01	2.270189526336128694e+01
2.125199999999999889e+01	2.351470230941437478e+01
2.745300000000000296e+01	2.640647611730163646e+01
2.056099999999999994e+01	2.070090347585231427e+01
1.997400000000000020e+01	2.087108052703613836e+01
2.207699999999999818e+01	2.085880263622685504e+01
2.407499999999999929e+01	2.569174785793065396e+01
2.507499999999999929e+01	2.542175396675157373e+01
2.596999999999999886e+01	2.398402255530399074e+01
2.144199999999999662e+01	2.170065561171892909e+01
1.995700000000000074e+01	2.161525722050597409e+01
2.146400000000000219e+01	2.284682640909811724e+01
2.386899999999999977e+01	2.213851608579906483e+01
2.425000000000000000e+01	2.252878375512696962e+01
2.025700000000000145e+01	2.153279720627182314e+01
1.774699999999999989e+01	2.009496395221610143e+01
2.351599999999999824e+01	2.225761295776601045e+01
2.521099999999999852e+01	2.086805030222454604e+01
2.625699999999999790e+01	2.374300530724731573e+01
2.505000000000000071e+01	2.472414748529262951e+01
2.305300000000000082e+01	2.412107213425507624e+01
2.388400000000000034e+01	2.231846520329724726e+01
2.289999999999999858e+01	2.175900605123768017e+01
2.540500000000000114e+01	2.500403809884898720e+01
2.370199999999999818e+01	2.253782169701134563e+01
2.335800000000000054e+01	2.519604095118049614e+01
2.219199999999999662e+01	2.193544379409920708e+01
2.589199999999999946e+01	2.436088152858902234e+01
2.341199999999999903e+01	2.218371363659892026e+01
2.401000000000000156e+01	2.595242055831129591e+01
2.746000000000000085e+01	2.714253401184520342e+01
2.238500000000000156e+01	2.216368762845852203e+01
2.320899999999999963e+01	2.425435598391113601e+01
2.207199999999999918e+01	2.535264408086374033e+01
2.224900000000000233e+01	2.240993201577112615e+01
1.958900000000000219e+01	2.176358031615771083e+01
2.516499999999999915e+01	2.247129971088803657e+01
2.477699999999999747e+01	2.341530574365503270e+01
2.021999999999999886e+01	2.079286933301919404e+01
1.887599999999999767e+01	2.341953712694660439e+01
2.167699999999999960e+01	2.314269154037485521e+01
2.226999999999999957e+01	2.192304963503632109e+01
1.942399999999999949e+01	1.827102687740168463e+01
2.594000000000000128e+01	2.425675009683725847e+01
2.455000000000000071e+01	2.494901167677692655e+01
2.130800000000000338e+01	2.029356666220796157e+01
2.323699999999999832e+01	2.241688951259171603e+01
2.236899999999999977e+01	2.376157665917827089e+01
2.353300000000000125e+01	2.237952173790761989e+01
2.119500000000000028e+01	2.464011967078236864e+01
2.132499999999999929e+01	2.236917059189965684e+01
1.788500000000000156e+01	1.895956612699174215e+01
2.210599999999999810e+01	2.458506603705143689e+01
2.343300000000000338e+01	2.311021652818297056e+01
2.379199999999999804e+01	2.287988872238483751e+01
1.580799999999999983e+01	1.989115625672117460e+01
2.148000000000000043e+01	2.228411909696474424e+01
1.970499999999999829e+01	2.245340885354553606e+01
2.127499999999999858e+01	2.026806026590551824e+01
2.549800000000000111e+01	2.315109351333496335e+01
2.448400000000000176e+01	2.377648782736849853e+01
2.845599999999999952e+01	2.363717249118107233e+01
2.172800000000000153e+01	2.228363935033886634e+01
2.489499999999999957e+01	2.236270168240482903e+01
2.335900000000000176e+01	2.389051502738152521e+01
2.153999999999999915e+01	2.173200182315675377e+01
2.265199999999999747e+01	2.114803929704653385e+01
2.019299999999999784e+01	2.280490735436611160e+01
1.920200000000000173e+01	2.225596544474690575e+01
1.792800000000000082e+01	2.004017870097267107e+01
2.235699999999999932e+01	2.109051453791377995e+01
2.539300000000000068e+01	2.156263466919297755e+01
2.118499999999999872e+01	2.101105299962988227e+01
2.509699999999999775e+01	2.313910282859821166e+01
2.149399999999999977e+01	2.007116536369844439e+01
2.262400000000000233e+01	2.330853886099664152e+01
2.858699999999999974e+01	2.623035434736323523e+01
2.099099999999999966e+01	2.102410224017016560e+01
2.624500000000000099e+01	2.251171248113157475e+01
2.457400000000000162e+01	2.443515000393690073e+01
2.180099999999999838e+01	2.099396192139894524e+01
2.115099999999999980e+01	2.257198821169552616e+01
2.458699999999999974e+01	2.359192514373945215e+01
2.438400000000000034e+01	2.261709302585438763e+01
2.275099999999999767e+01	2.084519650120379808e+01
2.415199999999999747e+01	2.427833482345227623e+01
1.937000000000000099e+01	2.104705464586689345e+01
2.246599999999999753e+01	2.247608620417734926e+01
2.613300000000000267e+01	2.356632227658388246e+01
2.537599999999999767e+01	2.260119852873185664e+01
2.315399999999999991e+01	2.205800246019565947e+01
1.989300000000000068e+01	2.098041054038866449e+01
1.917699999999999960e+01	2.285520265618833236e+01
2.433099999999999952e+01	2.513370092115880894e+01
2.230400000000000205e+01	2.440252165944072260e+01
2.157300000000000040e+01	2.277345629395895443e+01
2.110699999999999932e+01	2.086956612180782145e+01
2.063300000000000267e+01	2.331116229130051209e+01
1.544599999999999973e+01	2.071821800446118544e+01
2.357600000000000051e+01	2.356857397886742334e+01
2.235800000000000054e+01	2.113997326381166530e+01
1.795200000000000173e+01	2.059496606051379430e+01
2.687900000000000134e+01	2.148765646909501470e+01
2.442500000000000071e+01	2.104127787167901786e+01
2.330800000000000338e+01	2.115869535577576244e+01
2.089000000000000057e+01	2.155716046235452055e+01
2.400900000000000034e+01	2.299562182456657311e+01
2.204199999999999804e+01	2.476853158174250069e+01
2.014499999999999957e+01	2.055434715804327794e+01
2.311699999999999733e+01	2.021613701301538768e+01
2.848600000000000065e+01	2.476254077319806512e+01
1.912000000000000099e+01	2.076421530224394019e+01
2.239000000000000057e+01	2.474166653216432366e+01
2.116699999999999804e+01	2.203020934530829322e+01
1.917500000000000071e+01	2.127626562966509383e+01
1.958900000000000219e+01	2.279382149978474814e+01
2.213899999999999935e+01	2.140866318342633079e+01
1.976399999999999935e+01	2.078195233383860341e+01
2.908999999999999986e+01	2.719925568828665519e+01
1.835099999999999909e+01	2.138905424310532055e+01
2.201500000000000057e+01	2.265627397760309947e+01
1.461800000000000033e+01	1.920660386439264045e+01
2.065300000000000225e+01	2.264552491235325249e+01
1.964499999999999957e+01	2.052309596074958264e+01
1.855799999999999983e+01	2.114480587678569989e+01
2.220499999999999829e+01	2.010714463930237272e+01
2.486899999999999977e+01	2.289199829184658697e+01
2.170599999999999952e+01	2.141464192372793462e+01
2.175000000000000000e+01	2.155683687749070643e+01
2.452300000000000324e+01	2.389905845315518462e+01
2.059099999999999753e+01	2.232278846952348417e+01
2.158599999999999852e+01	2.105477014422438131e+01
2.456800000000000139e+01	2.278068023835334799e+01
2.545400000000000063e+01	2.381507608779584828e+01
2.307000000000000028e+01	2.381096888204586293e+01
2.450099999999999767e+01	2.438761692348157695e+01
2.371499999999999986e+01	2.656115851670754324e+01
1.914999999999999858e+01	2.107537766124231027e+01
2.397100000000000009e+01	2.524480624645836357e+01
2.042900000000000205e+01	2.368968557727609792e+01
2.110900000000000176e+01	2.299121940830529454e+01
1.993799999999999883e+01	2.398457475483446899e+01
2.190099999999999980e+01	2.141140962685565086e+01
2.349500000000000099e+01	2.141174417589981260e+01
2.216499999999999915e+01	2.137681999773890595e+01
2.015200000000000102e+01	2.247641858564445627e+01
2.066800000000000281e+01	2.278181059452314727e+01
2.093199999999999861e+01	2.210629655047433317e+01
1.798400000000000176e+01	2.016436848229725953e+01
2.357499999999999929e+01	2.196017766273567062e+01
2.615500000000000114e+01	2.452981470812991205e+01
2.014400000000000190e+01	2.091058112774651789e+01
2.274500000000000099e+01	2.183051758219883354e+01
2.312999999999999901e+01	2.156006446029525847e+01
2.657400000000000162e+01	2.440949996593280957e+01
2.094699999999999918e+01	2.293369086061596107e+01
2.260099999999999909e+01	2.107320275806380749e+01
2.333999999999999986e+01	2.480547677669062523e+01
2.116600000000000037e+01	2.094595653418565817e+01
2.164199999999999946e+01	2.153371931832445085e+01
2.089099999999999824e+01	2.218795567309942385e+01
2.086100000000000065e+01	2.345486890577168637e+01
2.308500000000000085e+01	2.309511125137851550e+01
2.634300000000000352e+01	2.288682970469454858e+01
2.327800000000000225e+01	2.395079247270905398e+01
2.031299999999999883e+01	2.139019504467411537e+01
2.268800000000000239e+01	2.170397025899312382e+01
2.294599999999999795e+01	2.457751541824069719e+01
2.079599999999999937e+01	2.231905654477074208e+01
2.479699999999999704e+01	2.518277965872301394e+01
1.632199999999999918e+01	2.133924999387114241e+01
2.411800000000000210e+01	2.193699382693879940e+01
2.286899999999999977e+01	2.654890547387275390e+01
2.332600000000000051e+01	2.692634595750436688e+01
1.984600000000000009e+01	2.132018864485529619e+01
2.433399999999999963e+01	2.216475853163691312e+01
2.182800000000000296e+01	2.239374571610844811e+01
2.662300000000000111e+01	2.474738399978874526e+01
2.023400000000000176e+01	2.175296607603293353e+01
2.301000000000000156e+01	2.098475066281048385e+01
2.122899999999999920e+01	1.960626321881737155e+01
2.383900000000000219e+01	2.329370949774656907e+01
2.525699999999999790e+01	2.424620998945951911e+01
2.727199999999999847e+01	2.501961798827701244e+01
2.230599999999999739e+01	2.065876966637814860e+01
2.091699999999999804e+01	2.095930920127430852e+01
2.191099999999999781e+01	2.393556801793829791e+01
2.694500000000000028e+01	2.420286739373245410e+01
2.121099999999999852e+01	2.000663829784160441e+01
2.390199999999999747e+01	2.393051974714069274e+01
2.049500000000000099e+01	2.105537960189597513e+01
1.856200000000000117e+01	2.001040018664440368e+01
2.011499999999999844e+01	2.308095962478125429e+01
2.569000000000000128e+01	2.465094663133057651e+01
2.249500000000000099e+01	2.347127514579214846e+01
2.246099999999999852e+01	2.278319498121485154e+01
1.469700000000000095e+01	2.054598667343717011e+01
1.929100000000000037e+01	2.164690367850518982e+01
1.946799999999999997e+01	2.000003820034538649e+01
2.143599999999999994e+01	2.059673536234761215e+01
2.226300000000000168e+01	2.043025285975224747e+01
2.254800000000000182e+01	2.193929455471068479e+01
2.437000000000000099e+01	2.444871786192286223e+01
2.468699999999999761e+01	2.226430782062210767e+01
2.361199999999999832e+01	2.394887539318380476e+01
2.351399999999999935e+01	2.308976985789079350e+01
2.275000000000000000e+01	2.319090197509211038e+01
2.771000000000000085e+01	2.605390763008717059e+01
2.176300000000000168e+01	2.014869564434447113e+01
2.103300000000000125e+01	2.208155540296640851e+01
1.877799999999999869e+01	2.112031828562613001e+01
2.144800000000000040e+01	2.343508708987236488e+01
2.195599999999999952e+01	2.141854557007856741e+01
2.391099999999999781e+01	2.266383315749155258e+01
2.230499999999999972e+01	2.414885955610032653e+01
2.685199999999999676e+01	2.243986732056153244e+01
2.196900000000000119e+01	2.162671994741727843e+01
2.612199999999999989e+01	2.299701257429263279e+01
2.241900000000000048e+01	2.358750064868023699e+01
2.502899999999999991e+01	2.305212248861728597e+01
1.752299999999999969e+01	2.450410550124655984e+01
2.157800000000000296e+01	2.336237569585577489e+01
2.655800000000000338e+01	2.275806753196016530e+01
2.655000000000000071e+01	2.401193132484511494e+01
2.115199999999999747e+01	2.071710252164857735e+01
1.948700000000000188e+01	2.062644001138702166e+01
2.297899999999999920e+01	2.306358363450712901e+01
2.233300000000000196e+01	2.012285599773050393e+01
2.397100000000000009e+01	2.236628238033692639e+01
2.292599999999999838e+01	2.273178800214190076e+01
2.295899999999999963e+01	2.479839062643625880e+01
1.877299999999999969e+01	2.359513391666694559e+01
2.446599999999999753e+01	2.757663720694926468e+01
2.480400000000000205e+01	2.147072042869643482e+01
2.184900000000000020e+01	2.248260973291491283e+01
1.711400000000000077e+01	1.916984675025220852e+01
2.607099999999999795e+01	2.429125661476208364e+01
2.555800000000000338e+01	2.673707175167266925e+01
2.202499999999999858e+01	2.494576640678602431e+01
1.891000000000000014e+01	2.384831823660312367e+01
1.870200000000000173e+01	2.241701442107998332e+01
2.187400000000000233e+01	2.160155795890230479e+01
2.427899999999999991e+01	2.145503097501324774e+01
2.478000000000000114e+01	2.231888125950944968e+01
2.559699999999999775e+01	2.249312640501188909e+01
2.413699999999999690e+01	2.109184251053641290e+01
2.409800000000000253e+01	2.354188251695268974e+01
1.962199999999999989e+01	1.956732248900787852e+01
2.177300000000000324e+01	2.110138013018565317e+01
2.143800000000000239e+01	2.427865126757922098e+01
2.176000000000000156e+01	2.100577105515811738e+01
1.971599999999999753e+01	2.236514685853529016e+01
2.290800000000000125e+01	2.047801475163359086e+01
2.138500000000000156e+01	2.274030471447678181e+01
2.605999999999999872e+01	2.495293608752137615e+01
1.556400000000000006e+01	1.892414554137420168e+01
2.465900000000000247e+01	2.503786635050556342e+01
2.121599999999999753e+01	2.151983636294322366e+01
2.833399999999999963e+01	2.513833227702081530e+01
1.778699999999999903e+01	1.984544168493572514e+01
2.012099999999999866e+01	2.134649470250654346e+01
1.765099999999999980e+01	2.056836122709931658e+01
2.254300000000000281e+01	2.203717180413913468e+01
2.262900000000000134e+01	2.057793983477474242e+01
2.309499999999999886e+01	2.203311653890237665e+01
2.790800000000000125e+01	2.607219340291704768e+01
2.343900000000000006e+01	1.982485846259319473e+01
2.504699999999999704e+01	2.266156727852369812e+01
2.370199999999999818e+01	2.162948346416750667e+01
1.874800000000000111e+01	1.877261334887144173e+01
2.059199999999999875e+01	2.169048219075435924e+01
2.947100000000000009e+01	2.545082255923166059e+01
2.165699999999999648e+01	2.255354996647608345e+01
1.960299999999999798e+01	2.257215166354185953e+01
2.336100000000000065e+01	2.194979208763484380e+01
2.396099999999999852e+01	2.181744824858743925e+01
2.130199999999999960e+01	2.078895409661853932e+01
2.538100000000000023e+01	2.460850424345176179e+01
2.114999999999999858e+01	2.024040416188957892e+01
2.195800000000000196e+01	2.017732764742002161e+01
2.317999999999999972e+01	2.048824280590564584e+01
2.572500000000000142e+01	2.100358087486731051e+01
2.330699999999999861e+01	2.391131600341308427e+01
1.939499999999999957e+01	2.255535325177378425e+01
2.512999999999999901e+01	2.448334540978912699e+01
2.163400000000000034e+01	2.275305945146063635e+01
2.458900000000000219e+01	2.457250022942535139e+01
2.444300000000000139e+01	2.315094370604776230e+01
2.392399999999999949e+01	2.344966652149557262e+01
2.387000000000000099e+01	2.228815523073916793e+01
2.110000000000000142e+01	1.761116246796940743e+01
2.139499999999999957e+01	2.340459429217198561e+01
2.130499999999999972e+01	2.191489083306698760e+01
2.182600000000000051e+01	2.253316686088840015e+01
1.855499999999999972e+01	1.829038069813129397e+01
2.126999999999999957e+01	2.336428540076411053e+01
2.339099999999999824e+01	2.318633135232566644e+01
2.472899999999999920e+01	2.399080325653269341e+01
2.591600000000000037e+01	2.342355319300444094e+01
2.256599999999999895e+01	2.096986567679531888e+01
1.933999999999999986e+01	2.143770448494041148e+01
2.325699999999999790e+01	2.107694502829527039e+01
2.139199999999999946e+01	2.401817485132178476e+01
1.777200000000000202e+01	2.060620346353737986e+01
2.447300000000000253e+01	2.410425295795862155e+01
2.117999999999999972e+01	2.159196834378786889e+01
2.428199999999999648e+01	2.363944380332344863e+01
2.126800000000000068e+01	2.221683546167480472e+01
2.410999999999999943e+01	2.310091089261537789e+01
2.602599999999999980e+01	2.484308170482773903e+01
2.553900000000000148e+01	2.183927500282900525e+01
2.869699999999999918e+01	2.646740117274958592e+01
2.128199999999999648e+01	2.169061357941568957e+01
2.178400000000000247e+01	2.010286879139284011e+01
2.102699999999999747e+01	2.381687182758060928e+01
2.569999999999999929e+01	2.127719293497878184e+01
2.402699999999999747e+01	2.428344449256423232e+01
2.438400000000000034e+01	2.586863730018418295e+01
2.197199999999999775e+01	2.352466605556191936e+01
1.862400000000000233e+01	2.060245821786230991e+01
2.349199999999999733e+01	2.665043261881122305e+01
2.066300000000000026e+01	2.150719954074827811e+01
2.124800000000000111e+01	2.276981557784858978e+01
1.923099999999999810e+01	2.029874722050294267e+01
2.435900000000000176e+01	2.257958876637206913e+01
2.321999999999999886e+01	2.356781836066985747e+01
2.450499999999999901e+01	2.261093021912642698e+01
2.083999999999999986e+01	2.231121627676744268e+01
2.175300000000000011e+01	2.560925664326759588e+01
2.036200000000000188e+01	2.201780401235652462e+01
2.329199999999999804e+01	2.451996188877941307e+01
2.307900000000000063e+01	2.462868106731825435e+01
2.060399999999999920e+01	2.112326949442459778e+01
2.258099999999999952e+01	2.342112212046426833e+01
2.786300000000000310e+01	2.302520073650957144e+01
2.429500000000000171e+01	2.244590635067546103e+01
3.012900000000000134e+01	2.639141420903326818e+01
2.547199999999999775e+01	2.398841207632876049e+01
2.511699999999999733e+01	2.390017947779383078e+01
1.751800000000000068e+01	2.030116319480780973e+01
2.383699999999999974e+01	2.055394441986090115e+01
2.138500000000000156e+01	2.137885956580467450e+01
2.471000000000000085e+01	2.224270241418848570e+01
2.536199999999999832e+01	2.559258548557486890e+01
2.311100000000000065e+01	2.330576877821104631e+01
1.803000000000000114e+01	2.142365583658800077e+01
1.809199999999999875e+01	2.085550958622300755e+01
2.236800000000000210e+01	2.221382790240139471e+01
2.263100000000000023e+01	2.346753508136607991e+01
2.574900000000000233e+01	2.186098244640781374e+01
2.177899999999999991e+01	2.194978030822105453e+01
2.208699999999999974e+01	2.119369376459707510e+01
2.360800000000000054e+01	2.160606844397813475e+01
2.177199999999999847e+01	2.067955619956104485e+01
1.932900000000000063e+01	2.243526623956418220e+01
2.498900000000000077e+01	2.355890363250182773e+01
2.274800000000000111e+01	1.851540614125589101e+01
2.360599999999999810e+01	2.066357296383108277e+01
1.862800000000000011e+01	2.010201821123212440e+01
2.401599999999999824e+01	2.544953630732476313e+01
1.573299999999999876e+01	2.028011903631664126e+01
2.013400000000000034e+01	2.321828715857015979e+01
2.223199999999999932e+01	2.133183863698291916e+01
2.478900000000000148e+01	2.175021413055591779e+01
2.305199999999999960e+01	2.371571332564887058e+01
2.413899999999999935e+01	2.396497246938704606e+01
2.509400000000000119e+01	2.404941915777307315e+01
1.740399999999999991e+01	1.968948505278508065e+01
2.121400000000000219e+01	2.281896023055974609e+01
2.475499999999999901e+01	2.649861554369397965e+01
2.550800000000000267e+01	2.292742556057848091e+01
2.278300000000000125e+01	2.385400748614221555e+01
2.369800000000000040e+01	2.356587931239973699e+01
2.534600000000000009e+01	2.142863237976183655e+01
2.290900000000000247e+01	2.160317337470464238e+01
2.338400000000000034e+01	2.324256823288552809e+01
1.433699999999999974e+01	1.859326057716797820e+01
2.510599999999999810e+01	2.416348249280444449e+01
2.222199999999999775e+01	2.368908988846633079e+01
2.544199999999999662e+01	2.353408430895606429e+01
2.239400000000000190e+01	2.251092496935646636e+01
2.050000000000000000e+01	2.209620019867411145e+01
2.468400000000000105e+01	2.255066684703815838e+01
2.190800000000000125e+01	2.256508315376742857e+01
2.142000000000000171e+01	2.312435066699390163e+01
2.121999999999999886e+01	2.070806531034299169e+01
1.894900000000000162e+01	2.163019450948308631e+01
2.385999999999999943e+01	2.326090596148395662e+01
2.174900000000000233e+01	2.276920644934079618e+01
2.251800000000000068e+01	2.443465479305699262e+01
2.242300000000000182e+01	2.090924360888239519e+01
2.338599999999999923e+01	2.175305813898792451e+01
2.108900000000000219e+01	2.176653312590937617e+01
2.536100000000000065e+01	2.484207903064477918e+01
2.099199999999999733e+01	1.998949414243964284e+01
2.318699999999999761e+01	2.202885866778488122e+01
1.899800000000000111e+01	1.933032814067745520e+01
2.385999999999999943e+01	2.531766938476532758e+01
1.938799999999999812e+01	2.192113223188051307e+01
2.673099999999999810e+01	2.408754240977587457e+01
2.055300000000000082e+01	2.417922913582027178e+01
2.052400000000000091e+01	1.995091627410587876e+01
1.826000000000000156e+01	1.957136378237893837e+01
2.193800000000000239e+01	2.196456901122720140e+01
2.772599999999999909e+01	2.291634545490758157e+01
2.101599999999999824e+01	2.050921670625018578e+01
2.035200000000000031e+01	2.297252288703300493e+01
2.527400000000000091e+01	2.253144785247927473e+01
2.415199999999999747e+01	2.491797190538216356e+01
2.071400000000000219e+01	2.219133271094431947e+01
2.056699999999999662e+01	2.289421329917851011e+01
2.516099999999999781e+01	2.380471528221397293e+01
2.471900000000000119e+01	2.181464092491093609e+01
2.611400000000000077e+01	2.395850796709804698e+01
2.562599999999999767e+01	2.445350817469637050e+01
2.213800000000000168e+01	2.405217338559373985e+01
2.639400000000000190e+01	2.334284273877799976e+01
2.563500000000000156e+01	2.421161490293370022e+01
1.995400000000000063e+01	1.855760634309049806e+01
2.046499999999999986e+01	2.235369694549092046e+01
2.662599999999999767e+01	2.271050843509194905e+01
2.412599999999999767e+01	2.350771852360419700e+01
2.273000000000000043e+01	2.308710794213786954e+01
2.494400000000000261e+01	2.199455840098620740e+01
2.479199999999999804e+01	2.346320279707022749e+01
2.620699999999999719e+01	2.446183671547357719e+01
2.589699999999999847e+01	2.703936292202048364e+01
2.294000000000000128e+01	2.074599274191847798e+01
2.463699999999999690e+01	2.175510242735764166e+01
2.008299999999999841e+01	2.103448085715245952e+01
2.442300000000000182e+01	2.142836477566893905e+01
2.221099999999999852e+01	2.072658855323037486e+01
1.980400000000000205e+01	2.072327480497857266e+01
2.194099999999999895e+01	2.149180115869605601e+01
2.541000000000000014e+01	2.521875676508091146e+01
2.421300000000000097e+01	2.317631947863445063e+01
2.376900000000000190e+01	2.212009889631385917e+01
2.324900000000000233e+01	2.207477242901348902e+01
2.224399999999999977e+01	2.351972110169538865e+01
2.360199999999999676e+01	2.298373431389546084e+01
2.556500000000000128e+01	2.316644167789608133e+01
2.602300000000000324e+01	2.254887156943602733e+01
2.143800000000000239e+01	2.326370365789373196e+01
2.447300000000000253e+01	2.250157074707668059e+01
2.379199999999999804e+01	2.366169993706578722e+01
2.577899999999999991e+01	2.315821788533873971e+01
2.150400000000000134e+01	2.246417733843724207e+01
2.599599999999999866e+01	2.389229073660444058e+01
2.365300000000000225e+01	2.147937916795976321e+01
2.024599999999999866e+01	2.161727870560352471e+01
2.305400000000000205e+01	2.173771110990652744e+01
2.094000000000000128e+01	2.313850769957185349e+01
2.633300000000000196e+01	2.218282460911839493e+01
2.039600000000000080e+01	2.003320699910783986e+01
2.258399999999999963e+01	2.269582470982486200e+01
2.498600000000000065e+01	2.527280145053912719e+01
2.301399999999999935e+01	2.239179242458888552e+01
2.227699999999999747e+01	2.057485216363223302e+01
2.308099999999999952e+01	2.394498043460653136e+01
2.423099999999999810e+01	2.462403591002929559e+01
2.522199999999999775e+01	2.253811808088983426e+01
2.472699999999999676e+01	2.000459393873415337e+01
2.117699999999999960e+01	2.128279358879772687e+01
2.215599999999999881e+01	2.346812645580690315e+01
2.453400000000000247e+01	2.092795646507721230e+01
2.086400000000000077e+01	2.333516542833924134e+01
2.171099999999999852e+01	2.085623548108952008e+01
2.123400000000000176e+01	2.093022883430989367e+01
2.326000000000000156e+01	2.126650751552165630e+01
2.365300000000000225e+01	2.371968350917008905e+01
2.316099999999999781e+01	2.344000298386162484e+01
2.266800000000000281e+01	2.157321141508677798e+01
2.177899999999999991e+01	2.495103627250700029e+01
1.876900000000000190e+01	2.240239583889491115e+01
2.183099999999999952e+01	2.320359327954904671e+01
2.566000000000000014e+01	2.414171141648612817e+01
2.248000000000000043e+01	2.286702088140318168e+01
2.168499999999999872e+01	2.040037838799017322e+01
2.199399999999999977e+01	2.224871390254800829e+01
2.396300000000000097e+01	2.151553638713869177e+01
2.062000000000000099e+01	2.147037718557438524e+01
2.117000000000000171e+01	2.179032341579140208e+01
2.082999999999999829e+01	2.308849233247348920e+01
2.209900000000000020e+01	2.302147761375019996e+01
2.406800000000000139e+01	2.206338438653842715e+01
2.438599999999999923e+01	2.628140978857055998e+01
1.766799999999999926e+01	2.011477940204378712e+01
2.461599999999999966e+01	2.358461433820016850e+01
2.546099999999999852e+01	2.333363761241560752e+01
2.217500000000000071e+01	2.081760456786206248e+01
2.640900000000000247e+01	2.590556738434729311e+01
2.306800000000000139e+01	2.173045379132626920e+01
2.309800000000000253e+01	2.304959790129988662e+01
1.907000000000000028e+01	2.010194506522287483e+01
1.931500000000000128e+01	2.331770541117402828e+01
1.801200000000000045e+01	1.967301129909278146e+01
1.972299999999999898e+01	2.142164560247406513e+01
1.845100000000000051e+01	2.117322868444269801e+01
2.372599999999999909e+01	2.369615426333240649e+01
2.080900000000000105e+01	2.071266896228621235e+01
2.142399999999999949e+01	1.945505930385226634e+01
2.521300000000000097e+01	2.224322283771072151e+01
2.207300000000000040e+01	2.425409121014874714e+01
2.572300000000000253e+01	2.306621122043951999e+01
2.406300000000000239e+01	2.310218205899229460e+01
2.168800000000000239e+01	2.189124018811393313e+01
2.337000000000000099e+01	2.189598598915569738e+01
2.201000000000000156e+01	2.333701591488490124e+01
2.446900000000000119e+01	2.211172184574303401e+01
2.268400000000000105e+01	2.254045869314292361e+01
2.499300000000000210e+01	2.453364200375152038e+01
2.091400000000000148e+01	2.086279105488115704e+01
1.920599999999999952e+01	2.096573838280374602e+01
2.102499999999999858e+01	2.115824604112395235e+01
2.566499999999999915e+01	2.343168406466470799e+01
1.989300000000000068e+01	2.020036818599931649e+01
2.549800000000000111e+01	2.325119851011357142e+01
1.924500000000000099e+01	2.088548685119396353e+01
2.771699999999999875e+01	2.567529787085468840e+01
1.973999999999999844e+01	2.489694879336056488e+01
2.371699999999999875e+01	2.132255584881605159e+01
2.207600000000000051e+01	2.174880041554024501e+01
2.694199999999999662e+01	2.286256755570905597e+01
2.199500000000000099e+01	2.325246690809093053e+01
2.075800000000000267e+01	2.207401895896073896e+01
2.333800000000000097e+01	2.319087990331357929e+01
2.028200000000000003e+01	2.239152009549376032e+01
2.148099999999999810e+01	2.330565598590511911e+01
2.153199999999999648e+01	2.189701293397058635e+01
2.018299999999999983e+01	2.221048237141173232e+01
2.412800000000000011e+01	2.255756199090314595e+01
2.772699999999999676e+01	2.638696420766318695e+01
2.531699999999999662e+01	2.479506926645645137e+01
2.176099999999999923e+01	2.278457580565977736e+01
2.483699999999999974e+01	1.928280667119795666e+01
2.067099999999999937e+01	2.322029771930812103e+01
2.072599999999999909e+01	2.025163415461144822e+01
2.494599999999999795e+01	2.613746879083177532e+01
2.243199999999999861e+01	2.104887933126762078e+01
2.322500000000000142e+01	2.447038723708116592e+01
2.467599999999999838e+01	2.122501467545529863e+01
2.496699999999999875e+01	2.427930460144206393e+01
2.424599999999999866e+01	2.121183653560736104e+01
2.427199999999999847e+01	2.189799601789325223e+01
2.555800000000000338e+01	2.150562076786153298e+01
2.087300000000000111e+01	2.098232991560674421e+01
2.311599999999999966e+01	2.386100703142610868e+01
2.482300000000000040e+01	2.647890967654349481e+01
2.220599999999999952e+01	2.300235785343388173e+01
2.492699999999999960e+01	2.481769612193274810e+01
2.249599999999999866e+01	2.094602312170342628e+01
2.271099999999999852e+01	2.163905946970872662e+01
2.115099999999999980e+01	2.106902949412244652e+01
2.275800000000000267e+01	2.145448937600871986e+01
2.194500000000000028e+01	2.027985457503733357e+01
1.822100000000000009e+01	2.245502250024171786e+01
