2.394699999999999918e+01	2.668926714057718996e+01
2.561100000000000065e+01	2.698255392531240915e+01
2.159400000000000119e+01	2.447458749779607956e+01
2.354500000000000171e+01	2.582884220318793211e+01
2.144699999999999918e+01	2.195844418763741857e+01
2.318599999999999994e+01	2.401953276035694174e+01
2.458199999999999719e+01	2.268459769207649401e+01
2.782900000000000063e+01	2.683555197780015078e+01
2.363199999999999790e+01	2.224348002545611891e+01
1.922599999999999909e+01	2.031065315746694822e+01
2.548900000000000077e+01	2.171661681741389316e+01
2.361199999999999832e+01	2.460499098621714609e+01
2.204699999999999704e+01	2.554694334823934909e+01
2.641499999999999915e+01	2.459040606853128352e+01
2.084600000000000009e+01	2.357539760020177511e+01
2.082600000000000051e+01	2.036941855549083868e+01
2.631500000000000128e+01	2.283307486837724554e+01
2.796599999999999753e+01	2.655358264057906581e+01
2.055699999999999861e+01	2.361465368025355005e+01
2.268499999999999872e+01	2.245951735470865529e+01
1.858500000000000085e+01	1.977409715996342854e+01
2.325199999999999889e+01	2.226114608730322431e+01
2.838599999999999923e+01	2.646088153631971807e+01
2.035399999999999920e+01	2.038015056768377775e+01
2.062400000000000233e+01	2.058590669787238525e+01
1.999800000000000111e+01	1.989463526417172545e+01
2.370499999999999829e+01	2.268218711953175415e+01
2.557499999999999929e+01	2.412829251638691375e+01
2.248699999999999832e+01	2.479740719687312023e+01
2.091800000000000281e+01	2.223969872369791290e+01
2.266499999999999915e+01	2.296474353294853898e+01
2.416800000000000281e+01	2.439867135220388406e+01
2.135699999999999932e+01	2.249148861221000928e+01
2.389699999999999847e+01	2.263631734488357594e+01
2.649399999999999977e+01	2.494163336836887268e+01
1.953500000000000014e+01	1.955124169571566028e+01
2.891099999999999781e+01	2.499653205572469261e+01
2.161100000000000065e+01	2.398266638484140856e+01
2.487300000000000111e+01	2.345535262966928158e+01
2.318900000000000006e+01	2.468067881810252473e+01
1.526299999999999990e+01	2.085733257624579906e+01
2.579400000000000048e+01	2.368212011678499351e+01
2.372800000000000153e+01	2.246965566898996514e+01
2.636699999999999733e+01	2.401900893918820756e+01
2.833300000000000196e+01	2.359792982328196587e+01
2.021300000000000097e+01	2.213290855035675619e+01
2.620800000000000196e+01	2.291306143397958550e+01
2.371300000000000097e+01	2.235284009245947701e+01
2.441300000000000026e+01	2.238987786351204079e+01
2.014199999999999946e+01	1.926979684526242309e+01
2.435599999999999810e+01	2.460786142561356016e+01
2.253800000000000026e+01	2.319995064741730317e+01
2.504500000000000171e+01	2.272445104838095276e+01
1.932600000000000051e+01	2.019148519186984103e+01
2.152100000000000080e+01	2.028816010665842384e+01
2.417199999999999704e+01	2.123860224704863597e+01
2.399199999999999733e+01	2.237369628550447942e+01
2.672199999999999775e+01	2.663920590500813645e+01
2.361800000000000210e+01	2.179613998706980027e+01
2.172500000000000142e+01	2.202154400371185261e+01
2.484099999999999753e+01	2.418286082586038788e+01
2.065800000000000125e+01	2.139030688936912838e+01
2.436800000000000210e+01	2.306587412305736251e+01
2.411599999999999966e+01	1.812508942763927067e+01
2.484400000000000119e+01	2.491222657623792713e+01
1.805300000000000082e+01	2.010922505857551812e+01
2.313800000000000168e+01	2.490878086512785572e+01
2.202300000000000324e+01	2.192277670728030259e+01
2.474800000000000111e+01	2.210391908453084397e+01
1.805900000000000105e+01	2.110833150626325860e+01
1.945100000000000051e+01	2.179457622315964826e+01
2.528699999999999903e+01	2.341251742980723094e+01
2.373300000000000054e+01	2.275175787318780607e+01
1.965500000000000114e+01	1.969445787225371447e+01
2.323600000000000065e+01	2.427402570309238783e+01
2.161199999999999832e+01	2.036417349416117162e+01
2.324500000000000099e+01	2.101933811008127861e+01
2.512300000000000111e+01	2.366051898163099310e+01
2.428099999999999881e+01	2.414713773947595499e+01
2.460699999999999932e+01	2.332222730508927100e+01
2.296599999999999753e+01	2.444319906357149463e+01
2.669300000000000139e+01	2.397060993769900250e+01
1.754200000000000159e+01	1.932044196108698486e+01
2.728699999999999903e+01	2.566717448103885957e+01
2.008299999999999841e+01	2.471115765131639819e+01
2.273300000000000054e+01	2.157352553923765370e+01
2.348300000000000054e+01	2.233319716512129105e+01
1.908500000000000085e+01	2.184815481820546168e+01
2.042299999999999827e+01	1.896122720288391861e+01
1.770299999999999940e+01	2.147861933680223601e+01
2.446400000000000219e+01	2.323995010473090517e+01
2.079500000000000171e+01	2.124472692908495119e+01
2.045499999999999829e+01	2.317455040738886396e+01
2.303099999999999881e+01	2.316471014431915165e+01
2.027299999999999969e+01	2.103797908570424724e+01
2.471800000000000352e+01	2.181040558968638265e+01
2.222199999999999775e+01	2.290240837055602441e+01
1.849399999999999977e+01	2.412495759671430662e+01
2.084800000000000253e+01	2.248688137167308199e+01
2.144599999999999795e+01	2.296200173430670688e+01
1.887800000000000011e+01	2.096634782649068640e+01
2.531099999999999994e+01	2.689706806407108886e+01
1.686899999999999977e+01	1.819152631482423388e+01
2.787000000000000099e+01	2.451213120467676276e+01
2.105300000000000082e+01	2.106530838890120805e+01
1.494900000000000162e+01	1.572694221558241345e+01
1.839099999999999824e+01	1.934193891043329572e+01
2.517900000000000205e+01	2.370435707708934103e+01
2.152699999999999747e+01	2.099186902939571553e+01
2.382600000000000051e+01	2.629023542218447318e+01
1.800400000000000134e+01	2.473921944782496496e+01
2.367300000000000182e+01	2.313600741831145413e+01
2.236699999999999733e+01	2.222673648034449556e+01
2.438400000000000034e+01	2.048475680861871595e+01
2.370100000000000051e+01	2.273509263725625473e+01
2.302699999999999747e+01	2.408089677810016482e+01
2.306500000000000128e+01	2.245636019590297394e+01
2.296300000000000097e+01	2.266065082955212873e+01
2.526199999999999690e+01	2.312133782426344553e+01
2.592399999999999949e+01	2.466390188397784655e+01
2.594900000000000162e+01	2.284033935631579837e+01
1.829799999999999827e+01	2.014336427805758589e+01
2.108500000000000085e+01	2.034040398885430179e+01
2.649099999999999966e+01	2.146647776184959966e+01
1.564599999999999902e+01	2.258258563225233573e+01
2.873400000000000176e+01	2.687865543345964525e+01
2.199300000000000210e+01	2.270348600079137213e+01
2.093400000000000105e+01	2.211755954403982471e+01
2.639600000000000080e+01	2.377481159647031106e+01
2.136300000000000310e+01	2.034679129059137637e+01
2.313899999999999935e+01	2.214589400781765960e+01
2.519300000000000139e+01	2.184003177220468572e+01
2.332300000000000040e+01	2.195168863583302610e+01
2.462500000000000000e+01	2.139114604890578164e+01
1.966199999999999903e+01	2.398350922861349233e+01
2.005599999999999739e+01	2.310860778929697545e+01
1.837699999999999889e+01	2.253911295277161386e+01
1.930000000000000071e+01	2.133569390612189309e+01
2.191499999999999915e+01	2.337889729457011256e+01
2.298099999999999810e+01	2.302895088623065334e+01
2.424199999999999733e+01	2.418549120040441025e+01
2.268199999999999861e+01	1.973551658907069495e+01
2.461300000000000310e+01	2.080947616099259889e+01
2.225000000000000000e+01	2.055061062745640399e+01
2.305999999999999872e+01	2.287661129010801275e+01
2.018700000000000117e+01	2.195534345595253356e+01
2.070300000000000296e+01	2.372573425094741850e+01
1.836799999999999855e+01	2.291538828954930551e+01
2.411699999999999733e+01	2.336753909694413878e+01
2.050300000000000011e+01	2.252088308318201371e+01
2.554800000000000182e+01	2.503772381708501982e+01
2.023799999999999955e+01	2.293063274059142742e+01
1.993299999999999983e+01	2.064460234878307077e+01
2.126999999999999957e+01	1.983998618209921716e+01
2.192099999999999937e+01	2.272259208774337935e+01
2.449099999999999966e+01	2.269577745204304620e+01
1.989600000000000080e+01	2.283471989002687863e+01
2.233099999999999952e+01	2.337663762073754370e+01
2.562000000000000099e+01	2.432373960003124225e+01
2.105800000000000338e+01	2.117397461163193029e+01
2.462699999999999889e+01	2.739740095745412418e+01
2.456699999999999662e+01	2.400465505437348313e+01
2.355099999999999838e+01	2.000275119027755011e+01
2.430800000000000338e+01	2.184386968041126309e+01
1.928500000000000014e+01	1.998903909451357563e+01
2.452199999999999847e+01	2.439156343289657514e+01
1.925000000000000000e+01	1.897187695493634862e+01
2.123400000000000176e+01	2.216721960928618529e+01
2.040700000000000003e+01	2.279485139655055548e+01
1.898999999999999844e+01	2.114251645606528740e+01
1.864099999999999824e+01	2.162123977684887421e+01
2.162300000000000111e+01	2.027147232508984587e+01
2.539999999999999858e+01	2.532656922480259709e+01
2.258300000000000196e+01	1.975854214857147184e+01
2.363599999999999923e+01	2.304209881544624849e+01
2.296000000000000085e+01	2.343118876758209268e+01
2.333900000000000219e+01	2.195819527433964780e+01
2.763899999999999935e+01	2.484132908260437489e+01
2.217699999999999960e+01	2.343106465387329607e+01
2.384900000000000020e+01	2.417653706236087530e+01
2.484099999999999753e+01	2.365110440457475249e+01
2.336300000000000310e+01	2.478770184739856575e+01
2.149300000000000210e+01	2.327570921894460554e+01
2.126500000000000057e+01	2.110643834244527639e+01
2.020799999999999841e+01	1.875281012885089993e+01
1.594900000000000162e+01	2.094968371192932111e+01
2.588100000000000023e+01	2.309092655528909077e+01
2.413199999999999790e+01	2.203051219230036750e+01
2.362699999999999889e+01	2.508777558371522431e+01
2.224800000000000111e+01	2.365834166060836807e+01
2.062099999999999866e+01	2.288114086911333445e+01
2.782800000000000296e+01	2.487879040885923843e+01
2.410599999999999810e+01	2.209847081881186526e+01
2.710699999999999932e+01	2.398867172219190991e+01
2.526300000000000168e+01	2.313555792632550379e+01
2.107800000000000296e+01	2.126600665427136505e+01
1.792200000000000060e+01	2.113957640620428435e+01
2.314300000000000068e+01	2.622178876015882310e+01
2.387400000000000233e+01	2.094766626433481349e+01
2.023300000000000054e+01	2.368844306646398579e+01
2.630199999999999960e+01	2.526955486049267563e+01
2.649099999999999966e+01	2.404494057401998930e+01
2.458399999999999963e+01	2.295344397190707397e+01
2.169500000000000028e+01	2.160123818843108623e+01
2.476199999999999690e+01	2.474889470724023255e+01
2.439499999999999957e+01	2.323628060147107277e+01
2.189499999999999957e+01	2.182757025002619855e+01
2.504199999999999804e+01	2.468360811553469247e+01
2.215500000000000114e+01	2.103162872929852156e+01
2.003000000000000114e+01	2.067894783878996989e+01
2.690800000000000125e+01	2.045331416125848278e+01
2.743699999999999761e+01	2.551886259339199015e+01
2.173699999999999832e+01	2.482348129090275890e+01
2.284900000000000020e+01	2.491988747707380369e+01
2.241900000000000048e+01	2.139028791872448920e+01
2.151199999999999690e+01	2.252913980450949794e+01
2.295400000000000063e+01	2.443628163953465915e+01
2.259099999999999753e+01	2.609390720523980178e+01
2.639999999999999858e+01	2.393075773656133620e+01
2.292599999999999838e+01	2.448592232565995985e+01
2.373000000000000043e+01	2.181245746210340641e+01
2.287099999999999866e+01	2.167515345886178579e+01
2.277199999999999847e+01	2.374398578334280785e+01
2.411499999999999844e+01	2.117817347893748448e+01
2.303800000000000026e+01	2.120137059599796103e+01
1.786299999999999955e+01	2.122274010370016484e+01
1.929299999999999926e+01	2.286775847518547522e+01
2.146800000000000352e+01	2.090039394078981161e+01
2.157699999999999818e+01	2.063775016973501408e+01
2.333300000000000196e+01	2.357987604684814542e+01
2.389099999999999824e+01	2.113755680516727153e+01
2.292999999999999972e+01	2.413259681296776904e+01
2.391400000000000148e+01	2.555172878014373694e+01
2.191499999999999915e+01	2.485699197984066799e+01
2.409699999999999775e+01	2.156909517333418691e+01
2.477300000000000324e+01	2.377724112868314066e+01
2.169300000000000139e+01	2.133440244591790957e+01
2.124399999999999977e+01	2.231551173107122921e+01
2.322100000000000009e+01	2.336505336049052062e+01
2.279500000000000171e+01	2.124388176259238747e+01
2.264199999999999946e+01	2.510636266129980498e+01
2.114800000000000324e+01	2.280941876682616609e+01
2.032700000000000173e+01	1.978740754739448704e+01
2.286400000000000077e+01	2.174719550552325487e+01
2.375600000000000023e+01	2.510977111712339038e+01
1.871099999999999852e+01	2.287520654993099001e+01
2.552199999999999847e+01	2.231369566280363514e+01
1.969900000000000162e+01	2.163669665457593183e+01
2.288400000000000034e+01	2.148175511393330339e+01
2.176999999999999957e+01	2.087080334376095792e+01
2.344599999999999795e+01	2.381292220358914591e+01
2.471999999999999886e+01	2.353183451992633479e+01
2.160000000000000142e+01	2.071769198801452205e+01
2.080999999999999872e+01	1.892372115402199739e+01
2.186899999999999977e+01	2.137277578592372507e+01
2.382400000000000162e+01	2.538168682767298634e+01
2.269900000000000162e+01	2.340265797873677300e+01
2.160900000000000176e+01	2.246175871894603304e+01
2.166900000000000048e+01	2.084732292752682881e+01
1.855599999999999739e+01	2.228821994406975904e+01
2.054400000000000048e+01	2.084443006496672623e+01
2.261499999999999844e+01	2.459185463503202485e+01
2.579199999999999804e+01	2.294600313582684947e+01
2.454300000000000281e+01	2.350834767543657478e+01
2.090800000000000125e+01	2.095971530770459523e+01
2.174900000000000233e+01	2.128690166295728048e+01
2.416800000000000281e+01	2.088007873904311040e+01
2.433300000000000196e+01	2.134632671850744856e+01
2.510800000000000054e+01	2.231662291351503313e+01
2.212699999999999889e+01	2.287724401528674179e+01
2.470800000000000196e+01	2.327784856647305034e+01
2.523300000000000054e+01	2.245984588382166436e+01
2.313100000000000023e+01	2.373063043205285894e+01
2.179400000000000048e+01	1.990170800076590396e+01
2.048499999999999943e+01	2.296501672902473601e+01
2.110699999999999932e+01	2.444605456358262785e+01
2.397100000000000009e+01	2.268699255676088455e+01
2.488899999999999935e+01	2.259867451727122045e+01
2.207099999999999795e+01	2.173382870287514024e+01
2.172599999999999909e+01	2.303740774189123286e+01
2.722100000000000009e+01	2.483070659138710568e+01
2.381500000000000128e+01	2.485169963307735230e+01
2.571900000000000119e+01	2.392309333015329287e+01
2.243800000000000239e+01	2.453894721711382587e+01
2.130000000000000071e+01	2.191798533998049336e+01
1.961200000000000188e+01	2.452218783835931859e+01
2.537099999999999866e+01	2.326275842925829451e+01
2.553599999999999781e+01	2.380400418234217597e+01
2.417599999999999838e+01	2.258198865791785082e+01
2.494300000000000139e+01	2.664409037425415860e+01
2.104699999999999704e+01	2.325615138823224015e+01
2.755400000000000205e+01	2.237941521237055298e+01
2.580900000000000105e+01	2.671406940169536171e+01
2.605300000000000082e+01	2.330672723937504998e+01
2.482300000000000040e+01	2.396099727890659636e+01
2.095499999999999829e+01	2.328472411231604866e+01
2.243300000000000338e+01	2.259051406565054876e+01
2.404699999999999704e+01	2.338613395799398376e+01
2.199699999999999989e+01	2.304439536427375401e+01
2.536400000000000077e+01	2.445515569867288619e+01
2.613899999999999935e+01	2.444645439399526055e+01
2.129800000000000182e+01	1.998289203844474926e+01
2.169500000000000028e+01	2.306310518683312694e+01
2.079500000000000171e+01	1.909195197137341538e+01
2.258599999999999852e+01	2.430468845263249733e+01
2.071800000000000352e+01	2.221669223999455056e+01
2.200099999999999767e+01	2.326496243580234946e+01
2.687099999999999866e+01	2.770440230549142768e+01
1.971000000000000085e+01	2.122907416124640534e+01
1.725600000000000023e+01	1.852813633255190240e+01
2.216800000000000281e+01	1.957181042134519089e+01
2.283500000000000085e+01	2.232107174853728182e+01
2.379199999999999804e+01	2.406813288421692576e+01
2.019000000000000128e+01	2.148325176082580157e+01
1.909400000000000119e+01	2.397681699841169589e+01
2.360800000000000054e+01	2.191565397217079791e+01
2.624099999999999966e+01	2.730167881467728463e+01
2.295300000000000296e+01	2.381891632658588875e+01
2.367699999999999960e+01	2.065954726770695871e+01
1.796199999999999974e+01	1.699501057527423953e+01
2.455099999999999838e+01	2.545357899829238235e+01
2.705900000000000105e+01	2.647138822708819461e+01
2.542199999999999704e+01	2.483837384443994978e+01
2.375400000000000134e+01	2.290228440495567241e+01
1.640200000000000102e+01	2.057407263188876101e+01
1.940599999999999881e+01	2.211468993319589416e+01
2.114099999999999824e+01	2.327044275432223586e+01
2.443400000000000105e+01	2.463868601164278260e+01
2.274900000000000233e+01	2.242992065103860710e+01
2.254899999999999949e+01	1.962966454553059137e+01
2.084499999999999886e+01	2.449377137950275340e+01
2.200800000000000267e+01	2.005421531832859827e+01
2.136499999999999844e+01	2.618652877740879958e+01
1.735399999999999920e+01	1.985777905040081848e+01
2.677899999999999991e+01	2.552767540717183792e+01
2.546900000000000119e+01	2.508524293801615812e+01
2.811599999999999966e+01	2.454178287959144811e+01
2.378500000000000014e+01	2.354150387929714228e+01
2.370499999999999829e+01	2.530046552089815037e+01
2.033999999999999986e+01	2.326272030014772696e+01
2.449399999999999977e+01	2.250371036392991186e+01
2.340699999999999648e+01	2.368533740046626335e+01
2.245699999999999719e+01	2.063298005137155045e+01
2.043299999999999983e+01	2.402267656347602198e+01
2.500400000000000134e+01	2.465742587393964769e+01
1.755000000000000071e+01	2.111957047910801322e+01
2.614499999999999957e+01	2.394688163781488299e+01
2.166099999999999781e+01	2.087657526888135706e+01
2.161899999999999977e+01	2.211597327983681538e+01
2.192300000000000182e+01	2.360936004475663452e+01
2.171400000000000219e+01	2.492185674531614836e+01
2.263599999999999923e+01	2.341324481500364385e+01
2.484699999999999775e+01	2.458068040374802621e+01
2.544099999999999895e+01	2.378838481409191985e+01
2.076999999999999957e+01	2.101137806279261611e+01
1.843200000000000216e+01	2.168372392140711469e+01
2.363100000000000023e+01	2.467688464491812894e+01
2.481500000000000128e+01	2.464796541529657503e+01
2.428699999999999903e+01	1.952153542004380071e+01
2.489199999999999946e+01	2.477245053305793832e+01
2.432000000000000028e+01	2.609040441384572162e+01
2.544400000000000261e+01	2.221261512259021131e+01
1.774200000000000088e+01	1.801682515372884197e+01
2.626800000000000068e+01	2.493861754856356683e+01
2.595400000000000063e+01	2.415408245840874457e+01
2.462099999999999866e+01	2.484423552230322585e+01
2.839600000000000080e+01	2.415574069317106520e+01
2.105000000000000071e+01	2.363562265214921965e+01
1.914700000000000202e+01	2.040872911303483761e+01
2.036899999999999977e+01	2.233859656201708077e+01
1.989000000000000057e+01	2.086702946686980908e+01
2.906500000000000128e+01	2.713242751258632168e+01
2.274800000000000111e+01	2.349258189647229855e+01
1.743700000000000117e+01	2.228599396060772619e+01
2.100300000000000011e+01	2.113695181970852843e+01
1.813599999999999923e+01	2.145796198531074239e+01
2.278400000000000247e+01	2.247907020266479350e+01
2.576699999999999946e+01	2.139727374542805904e+01
2.165199999999999747e+01	2.050286612942955955e+01
2.264999999999999858e+01	2.388823822854471857e+01
1.948700000000000188e+01	1.987008330644956899e+01
2.504400000000000048e+01	2.316394598969923280e+01
2.362999999999999901e+01	2.468388513024363107e+01
1.909900000000000020e+01	2.256731770179875696e+01
2.361599999999999966e+01	2.446990743230086807e+01
2.100099999999999767e+01	2.009756845887790888e+01
2.209400000000000119e+01	2.602580511875279612e+01
2.585199999999999676e+01	2.507294564594360509e+01
2.104400000000000048e+01	2.281708998921870091e+01
2.270800000000000196e+01	2.129873905198208917e+01
2.531900000000000261e+01	2.554679390670838401e+01
2.184800000000000253e+01	1.989333797508883350e+01
1.912300000000000111e+01	2.371526383966557106e+01
1.899900000000000233e+01	2.649872810156898240e+01
2.566000000000000014e+01	2.398932929824043825e+01
1.708399999999999963e+01	2.259407674257084153e+01
2.471300000000000097e+01	2.179114928379273053e+01
1.778200000000000003e+01	2.358717136069297027e+01
2.024699999999999989e+01	1.905895233764984553e+01
2.335500000000000043e+01	2.340293199259632217e+01
2.703900000000000148e+01	2.623263493891478149e+01
2.312699999999999889e+01	2.127380744266297441e+01
2.412400000000000233e+01	2.013246523568865243e+01
1.995100000000000051e+01	2.162051926591611917e+01
2.237500000000000000e+01	2.260754640324121922e+01
2.000600000000000023e+01	2.159914095958329483e+01
2.292300000000000182e+01	2.399948896483015659e+01
2.663100000000000023e+01	2.304051750336430970e+01
2.041799999999999926e+01	2.096079077773029198e+01
2.074500000000000099e+01	1.944227170986347275e+01
2.213500000000000156e+01	2.100795541606562011e+01
2.237699999999999889e+01	2.290643242848988237e+01
2.555199999999999960e+01	2.300072038174940658e+01
2.013799999999999812e+01	2.049207295181732746e+01
2.134199999999999875e+01	2.068460210010252709e+01
2.362400000000000233e+01	2.246839267813226826e+01
1.864900000000000091e+01	1.920337503503932908e+01
2.442199999999999704e+01	2.363338090086046961e+01
2.342999999999999972e+01	2.513305775278362830e+01
2.360199999999999676e+01	2.497028677754018844e+01
2.550600000000000023e+01	2.468226460798013022e+01
2.193599999999999994e+01	2.193584229617131953e+01
1.546499999999999986e+01	2.105802160984068649e+01
2.407300000000000040e+01	2.000114504345559041e+01
2.173800000000000310e+01	2.300939768499704741e+01
2.220699999999999719e+01	1.959669939800097183e+01
1.948300000000000054e+01	2.235023026398326351e+01
2.072400000000000020e+01	2.233835963805609026e+01
1.796099999999999852e+01	2.187875045902152138e+01
2.567500000000000071e+01	2.485190182772249656e+01
2.236199999999999832e+01	2.208922736077072102e+01
1.923499999999999943e+01	2.292864191926482320e+01
2.276699999999999946e+01	2.442742471275321492e+01
2.402400000000000091e+01	2.475590601302181426e+01
2.395300000000000296e+01	1.929564395390579534e+01
2.417699999999999960e+01	2.216379018535024414e+01
2.464300000000000068e+01	2.265550521063012823e+01
2.578000000000000114e+01	2.364623435676407581e+01
1.797599999999999909e+01	1.890407714447623988e+01
1.430900000000000105e+01	2.093892439563084196e+01
2.384699999999999775e+01	2.400877369622816460e+01
1.904500000000000171e+01	2.279035931605625720e+01
1.763700000000000045e+01	2.175386290071120143e+01
2.183900000000000219e+01	2.147085580820577633e+01
2.310099999999999909e+01	2.391133930895888682e+01
2.125199999999999889e+01	2.436735693165560690e+01
2.745300000000000296e+01	2.628315108464651217e+01
2.056099999999999994e+01	2.033613660421305980e+01
1.997400000000000020e+01	2.221127151712770598e+01
2.207699999999999818e+01	1.993523541356170981e+01
2.407499999999999929e+01	2.669506309942138600e+01
2.507499999999999929e+01	2.440904046702569374e+01
2.596999999999999886e+01	2.423339692180835314e+01
2.144199999999999662e+01	2.409556851291607771e+01
1.995700000000000074e+01	2.272066209174817430e+01
2.146400000000000219e+01	2.393404175579921400e+01
2.386899999999999977e+01	2.127112109975310261e+01
2.425000000000000000e+01	2.313933974719165931e+01
2.025700000000000145e+01	2.089069724332376055e+01
1.774699999999999989e+01	1.922244177335132065e+01
2.351599999999999824e+01	2.203418791465902515e+01
2.521099999999999852e+01	2.019028063775465753e+01
2.625699999999999790e+01	2.374938835748752552e+01
2.505000000000000071e+01	2.452228216801129435e+01
2.305300000000000082e+01	2.401966627258523701e+01
2.388400000000000034e+01	2.154611709004391784e+01
2.289999999999999858e+01	2.165694370550536973e+01
2.540500000000000114e+01	2.550467278030052043e+01
2.370199999999999818e+01	2.342078618998247919e+01
2.335800000000000054e+01	2.469067500825724082e+01
2.219199999999999662e+01	2.093475292088201556e+01
2.589199999999999946e+01	2.333872868400538181e+01
2.341199999999999903e+01	2.069466427240048034e+01
2.401000000000000156e+01	2.507279282128338238e+01
2.746000000000000085e+01	2.754184653898424173e+01
2.238500000000000156e+01	2.244723785589692611e+01
2.320899999999999963e+01	2.357522600334943164e+01
2.207199999999999918e+01	2.514245859074143397e+01
2.224900000000000233e+01	2.255648588873332372e+01
1.958900000000000219e+01	2.266107116436330315e+01
2.516499999999999915e+01	2.451642981435178825e+01
2.477699999999999747e+01	2.321216872057913605e+01
2.021999999999999886e+01	2.005394477119040886e+01
1.887599999999999767e+01	2.376819045511859585e+01
2.167699999999999960e+01	2.164343317478190443e+01
2.226999999999999957e+01	2.214267843632629962e+01
1.942399999999999949e+01	1.843873314613383840e+01
2.594000000000000128e+01	2.367840596225562422e+01
2.455000000000000071e+01	2.662579937278343323e+01
2.130800000000000338e+01	2.168732727411923733e+01
2.323699999999999832e+01	2.330588587593162586e+01
2.236899999999999977e+01	2.298424308483982159e+01
2.353300000000000125e+01	2.256042693110118336e+01
2.119500000000000028e+01	2.455969271493782813e+01
2.132499999999999929e+01	2.315707309506652578e+01
1.788500000000000156e+01	2.004379406180851575e+01
2.210599999999999810e+01	2.412195996883207627e+01
2.343300000000000338e+01	2.448272615532004082e+01
2.379199999999999804e+01	2.286424103821289577e+01
1.580799999999999983e+01	2.096343563920789066e+01
2.148000000000000043e+01	2.198561077106659667e+01
1.970499999999999829e+01	2.243889072132564877e+01
2.127499999999999858e+01	2.178718705637117026e+01
2.549800000000000111e+01	2.404592527245047862e+01
2.448400000000000176e+01	2.289845520883185870e+01
2.845599999999999952e+01	2.434247754625383564e+01
2.172800000000000153e+01	2.243432210228484536e+01
2.489499999999999957e+01	2.241562545164813258e+01
2.335900000000000176e+01	2.560889993720116919e+01
2.153999999999999915e+01	2.014196276157169052e+01
2.265199999999999747e+01	2.166079707797766218e+01
2.019299999999999784e+01	2.293026850048605425e+01
1.920200000000000173e+01	2.219528624243949011e+01
1.792800000000000082e+01	2.049115451464822968e+01
2.235699999999999932e+01	2.062634493657521517e+01
2.539300000000000068e+01	2.223077372672846508e+01
2.118499999999999872e+01	2.089724405339910618e+01
2.509699999999999775e+01	2.454277950718206824e+01
2.149399999999999977e+01	1.948172140316713197e+01
2.262400000000000233e+01	2.363056062010948466e+01
2.858699999999999974e+01	2.640651976882362462e+01
2.099099999999999966e+01	2.242942549483823100e+01
2.624500000000000099e+01	2.360309674480106779e+01
2.457400000000000162e+01	2.474804889417008269e+01
2.180099999999999838e+01	1.959962551749979198e+01
2.115099999999999980e+01	2.334524965487559456e+01
2.458699999999999974e+01	2.389907389238052104e+01
2.438400000000000034e+01	2.146905004239424386e+01
2.275099999999999767e+01	2.147365959030980065e+01
2.415199999999999747e+01	2.450052562157943115e+01
1.937000000000000099e+01	1.968395286734001104e+01
2.246599999999999753e+01	2.256252712782959335e+01
2.613300000000000267e+01	2.493108099971425773e+01
2.537599999999999767e+01	1.997238900157816488e+01
2.315399999999999991e+01	2.178774724377704430e+01
1.989300000000000068e+01	2.303445833312673230e+01
1.917699999999999960e+01	2.259328015609233020e+01
2.433099999999999952e+01	2.381561841195352969e+01
2.230400000000000205e+01	2.639172541302565733e+01
2.157300000000000040e+01	2.278009163097897627e+01
2.110699999999999932e+01	1.852848330664164322e+01
2.063300000000000267e+01	2.091794062560304113e+01
1.544599999999999973e+01	2.080530635589974509e+01
2.357600000000000051e+01	2.370504760438244674e+01
2.235800000000000054e+01	2.155926097072871528e+01
1.795200000000000173e+01	2.168783980123261301e+01
2.687900000000000134e+01	2.114883790660631746e+01
2.442500000000000071e+01	1.995845707073201325e+01
2.330800000000000338e+01	2.240103154680434727e+01
2.089000000000000057e+01	2.330519271668132220e+01
2.400900000000000034e+01	2.220477756140777004e+01
2.204199999999999804e+01	2.444318591011643349e+01
2.014499999999999957e+01	2.093410749818692906e+01
2.311699999999999733e+01	2.032109210307602609e+01
2.848600000000000065e+01	2.473717037317933531e+01
1.912000000000000099e+01	2.210665995941079842e+01
2.239000000000000057e+01	2.451072813951152440e+01
2.116699999999999804e+01	2.247692888596079186e+01
1.917500000000000071e+01	2.233375193135361059e+01
1.958900000000000219e+01	2.299935171872157724e+01
2.213899999999999935e+01	2.247346744662011986e+01
1.976399999999999935e+01	2.077495240058098602e+01
2.908999999999999986e+01	2.575146331505683150e+01
1.835099999999999909e+01	2.179857495358872299e+01
2.201500000000000057e+01	2.238935241341767934e+01
1.461800000000000033e+01	2.116625772680648510e+01
2.065300000000000225e+01	2.339801838120199662e+01
1.964499999999999957e+01	2.134867356826936202e+01
1.855799999999999983e+01	2.095209396231243204e+01
2.220499999999999829e+01	2.074885949871875468e+01
2.486899999999999977e+01	2.168248232210137516e+01
2.170599999999999952e+01	2.083475132703568633e+01
2.175000000000000000e+01	2.332758296902253647e+01
2.452300000000000324e+01	2.265221230095829696e+01
2.059099999999999753e+01	2.090062620770132540e+01
2.158599999999999852e+01	2.168102445564452552e+01
2.456800000000000139e+01	2.269746246265765421e+01
2.545400000000000063e+01	2.373530351729817056e+01
2.307000000000000028e+01	2.357466350801798427e+01
2.450099999999999767e+01	2.590801407559942504e+01
2.371499999999999986e+01	2.686405830210024703e+01
1.914999999999999858e+01	2.128995404538866509e+01
2.397100000000000009e+01	2.565564097311990821e+01
2.042900000000000205e+01	2.169441295318621243e+01
2.110900000000000176e+01	2.315301288477158081e+01
1.993799999999999883e+01	2.378578783865233248e+01
2.190099999999999980e+01	2.088935205151302199e+01
2.349500000000000099e+01	2.256785664982832529e+01
2.216499999999999915e+01	2.143902397416708183e+01
2.015200000000000102e+01	2.324860657063926439e+01
2.066800000000000281e+01	2.269620939211466037e+01
2.093199999999999861e+01	2.241027791112727030e+01
1.798400000000000176e+01	1.805494704019180574e+01
2.357499999999999929e+01	2.135692495569256977e+01
2.615500000000000114e+01	2.389184684609756104e+01
2.014400000000000190e+01	2.003803659223538958e+01
2.274500000000000099e+01	2.297410875670975727e+01
2.312999999999999901e+01	2.354777876752694965e+01
2.657400000000000162e+01	2.515295727945458282e+01
2.094699999999999918e+01	2.234513519632103851e+01
2.260099999999999909e+01	2.167915389132146942e+01
2.333999999999999986e+01	2.476199571980185610e+01
2.116600000000000037e+01	2.017617514361079500e+01
2.164199999999999946e+01	2.113695597363243905e+01
2.089099999999999824e+01	2.316381760848495119e+01
2.086100000000000065e+01	2.470138790526372219e+01
2.308500000000000085e+01	2.406338889574810125e+01
2.634300000000000352e+01	2.171355258566411806e+01
2.327800000000000225e+01	2.313621864076893431e+01
2.031299999999999883e+01	2.236095086802002641e+01
2.268800000000000239e+01	2.403982856285237446e+01
2.294599999999999795e+01	2.387288991347368139e+01
2.079599999999999937e+01	2.110589430349244111e+01
2.479699999999999704e+01	2.577149075475191253e+01
1.632199999999999918e+01	2.281126006032806330e+01
2.411800000000000210e+01	2.334911466581063877e+01
2.286899999999999977e+01	2.539985000767352830e+01
2.332600000000000051e+01	2.687426831836678787e+01
1.984600000000000009e+01	2.139442388902397241e+01
2.433399999999999963e+01	2.177868671080535279e+01
2.182800000000000296e+01	2.230854248744140378e+01
2.662300000000000111e+01	2.215767245222450654e+01
2.023400000000000176e+01	2.272458369529460498e+01
2.301000000000000156e+01	2.076237693038827814e+01
2.122899999999999920e+01	1.857233534312956280e+01
2.383900000000000219e+01	2.348688800128136478e+01
2.525699999999999790e+01	2.502274380961195632e+01
2.727199999999999847e+01	2.442494893156681357e+01
2.230599999999999739e+01	2.184933200435516554e+01
2.091699999999999804e+01	2.041518092423514830e+01
2.191099999999999781e+01	2.299025831454472524e+01
2.694500000000000028e+01	2.431936934462709488e+01
2.121099999999999852e+01	1.948615816977093118e+01
2.390199999999999747e+01	2.396239902781544018e+01
2.049500000000000099e+01	2.060043790749683978e+01
1.856200000000000117e+01	1.890688942283583529e+01
2.011499999999999844e+01	2.343351369581713328e+01
2.569000000000000128e+01	2.468423748747768087e+01
2.249500000000000099e+01	2.414649820867120056e+01
2.246099999999999852e+01	2.252970603116677850e+01
1.469700000000000095e+01	1.881832019271284651e+01
1.929100000000000037e+01	2.243293764107536603e+01
1.946799999999999997e+01	2.139965802932965033e+01
2.143599999999999994e+01	2.264161209278106668e+01
2.226300000000000168e+01	2.140597556406468982e+01
2.254800000000000182e+01	2.150386750051245954e+01
2.437000000000000099e+01	2.330178249339476437e+01
2.468699999999999761e+01	2.084828062358440448e+01
2.361199999999999832e+01	2.616408954564598943e+01
2.351399999999999935e+01	2.428446806446513051e+01
2.275000000000000000e+01	2.448923639228061688e+01
2.771000000000000085e+01	2.621835899633249767e+01
2.176300000000000168e+01	1.826770477112429703e+01
2.103300000000000125e+01	2.233367387017287697e+01
1.877799999999999869e+01	2.197925668556124279e+01
2.144800000000000040e+01	2.340594338358558346e+01
2.195599999999999952e+01	2.118057698447226045e+01
2.391099999999999781e+01	2.334485674676269795e+01
2.230499999999999972e+01	2.391913018158530946e+01
2.685199999999999676e+01	2.270453464865106952e+01
2.196900000000000119e+01	2.277870502593040669e+01
2.612199999999999989e+01	2.328063397545502156e+01
2.241900000000000048e+01	2.401566305395786216e+01
2.502899999999999991e+01	2.415747409977796778e+01
1.752299999999999969e+01	2.404886949768756566e+01
2.157800000000000296e+01	2.235825737514786482e+01
2.655800000000000338e+01	2.387335732123195697e+01
2.655000000000000071e+01	2.348754384921504368e+01
2.115199999999999747e+01	2.074561772616760180e+01
1.948700000000000188e+01	2.131005086283450112e+01
2.297899999999999920e+01	2.274759143852828203e+01
2.233300000000000196e+01	2.041936013019260798e+01
2.397100000000000009e+01	2.308241921040332301e+01
2.292599999999999838e+01	2.354192138607809426e+01
2.295899999999999963e+01	2.469480930824899545e+01
1.877299999999999969e+01	2.170607613892970278e+01
2.446599999999999753e+01	2.630396889445436415e+01
2.480400000000000205e+01	2.103853225823145578e+01
2.184900000000000020e+01	2.327980003391899189e+01
1.711400000000000077e+01	1.919845185210257910e+01
2.607099999999999795e+01	2.309567335397014531e+01
2.555800000000000338e+01	2.643364080490521673e+01
2.202499999999999858e+01	2.294116639863288754e+01
1.891000000000000014e+01	2.312486529812591129e+01
1.870200000000000173e+01	2.210323604672571918e+01
2.187400000000000233e+01	2.360693870168728381e+01
2.427899999999999991e+01	2.102701808672353323e+01
2.478000000000000114e+01	2.306769223875053854e+01
2.559699999999999775e+01	2.371421447521756320e+01
2.413699999999999690e+01	2.145317123854167107e+01
2.409800000000000253e+01	2.364829303048626485e+01
1.962199999999999989e+01	2.212446707653458944e+01
2.177300000000000324e+01	2.218088699177668488e+01
2.143800000000000239e+01	2.371337227399189729e+01
2.176000000000000156e+01	2.061610273481680622e+01
1.971599999999999753e+01	2.363570655355792738e+01
2.290800000000000125e+01	2.029892260078222321e+01
2.138500000000000156e+01	2.370488318929425731e+01
2.605999999999999872e+01	2.447227668784613996e+01
1.556400000000000006e+01	1.901749128908310738e+01
2.465900000000000247e+01	2.464495460145362671e+01
2.121599999999999753e+01	2.215757616821681708e+01
2.833399999999999963e+01	2.629207986324657753e+01
1.778699999999999903e+01	2.021047917623593904e+01
2.012099999999999866e+01	2.066368372319327662e+01
1.765099999999999980e+01	2.210406719632145922e+01
2.254300000000000281e+01	2.145138241542987245e+01
2.262900000000000134e+01	2.075105822864525251e+01
2.309499999999999886e+01	2.339489764663487392e+01
2.790800000000000125e+01	2.542121609130724025e+01
2.343900000000000006e+01	2.160835180178753845e+01
2.504699999999999704e+01	2.094638352458607500e+01
2.370199999999999818e+01	2.178749483987400737e+01
1.874800000000000111e+01	1.815230068959817800e+01
2.059199999999999875e+01	2.346964134790431800e+01
2.947100000000000009e+01	2.523526707502156441e+01
2.165699999999999648e+01	2.276799827765690054e+01
1.960299999999999798e+01	2.325963452100289075e+01
2.336100000000000065e+01	2.295167109106975190e+01
2.396099999999999852e+01	2.083969834946550037e+01
2.130199999999999960e+01	2.189480595872413105e+01
2.538100000000000023e+01	2.490515018791702673e+01
2.114999999999999858e+01	2.257666367440401345e+01
2.195800000000000196e+01	2.044544056533877807e+01
2.317999999999999972e+01	2.015420462197029039e+01
2.572500000000000142e+01	2.215755442209842485e+01
2.330699999999999861e+01	2.445180614908063532e+01
1.939499999999999957e+01	2.319277851928546497e+01
2.512999999999999901e+01	2.428885216920304302e+01
2.163400000000000034e+01	2.418316706886664491e+01
2.458900000000000219e+01	2.577800401226849658e+01
2.444300000000000139e+01	2.340239854527591845e+01
2.392399999999999949e+01	2.302285434469851566e+01
2.387000000000000099e+01	2.348628021523568421e+01
2.110000000000000142e+01	1.830006908334290827e+01
2.139499999999999957e+01	2.374629482581780238e+01
2.130499999999999972e+01	2.186560486892927457e+01
2.182600000000000051e+01	2.270449744680696469e+01
1.855499999999999972e+01	1.824632296200522674e+01
2.126999999999999957e+01	2.484399418208473875e+01
2.339099999999999824e+01	2.246592720281594069e+01
2.472899999999999920e+01	2.511785502415730065e+01
2.591600000000000037e+01	2.364558472418964641e+01
2.256599999999999895e+01	2.153622309665734136e+01
1.933999999999999986e+01	2.237955690756687233e+01
2.325699999999999790e+01	2.364926612998620925e+01
2.139199999999999946e+01	2.386704280165683656e+01
1.777200000000000202e+01	2.097464469042146362e+01
2.447300000000000253e+01	2.246369052618195283e+01
2.117999999999999972e+01	2.300084809682672216e+01
2.428199999999999648e+01	2.501350521869772692e+01
2.126800000000000068e+01	2.202225104033238168e+01
2.410999999999999943e+01	2.447865061519656393e+01
2.602599999999999980e+01	2.536105363293525627e+01
2.553900000000000148e+01	2.161304462213576727e+01
2.869699999999999918e+01	2.828983822776016410e+01
2.128199999999999648e+01	1.927031058159110444e+01
2.178400000000000247e+01	2.059509922057969789e+01
2.102699999999999747e+01	2.245127672175093281e+01
2.569999999999999929e+01	2.069530886736015773e+01
2.402699999999999747e+01	2.381484346796490925e+01
2.438400000000000034e+01	2.507466414449470093e+01
2.197199999999999775e+01	2.446103058231414806e+01
1.862400000000000233e+01	2.283384517270511793e+01
2.349199999999999733e+01	2.447707909432797990e+01
2.066300000000000026e+01	2.311965755963034752e+01
2.124800000000000111e+01	2.341827436775833604e+01
1.923099999999999810e+01	2.102717665608077624e+01
2.435900000000000176e+01	2.292235005495371780e+01
2.321999999999999886e+01	2.293660524615667029e+01
2.450499999999999901e+01	2.210900850991991362e+01
2.083999999999999986e+01	2.298441077366079455e+01
2.175300000000000011e+01	2.632321027781524592e+01
2.036200000000000188e+01	2.156145333862690094e+01
2.329199999999999804e+01	2.507063482399259158e+01
2.307900000000000063e+01	2.633883838708230130e+01
2.060399999999999920e+01	2.061783842284045321e+01
2.258099999999999952e+01	2.219274014935022521e+01
2.786300000000000310e+01	2.262227142797707558e+01
2.429500000000000171e+01	2.019112889247220011e+01
3.012900000000000134e+01	2.708086756697730024e+01
2.547199999999999775e+01	2.330035447296227602e+01
2.511699999999999733e+01	2.464956394970523235e+01
1.751800000000000068e+01	2.061214244574411936e+01
2.383699999999999974e+01	1.946956278407067487e+01
2.138500000000000156e+01	2.309991046785181723e+01
2.471000000000000085e+01	2.256457586991107789e+01
2.536199999999999832e+01	2.542616709729379920e+01
2.311100000000000065e+01	2.444590234705768594e+01
1.803000000000000114e+01	2.379431407257301245e+01
1.809199999999999875e+01	2.188885341786027894e+01
2.236800000000000210e+01	2.217443916014903493e+01
2.263100000000000023e+01	2.292157140185458530e+01
2.574900000000000233e+01	2.146767668636059057e+01
2.177899999999999991e+01	2.178172524572767088e+01
2.208699999999999974e+01	2.092000533018825692e+01
2.360800000000000054e+01	2.201196404723276956e+01
2.177199999999999847e+01	2.169201442675309011e+01
1.932900000000000063e+01	2.125751891048831155e+01
2.498900000000000077e+01	2.436661389288431678e+01
2.274800000000000111e+01	1.854839240356452379e+01
2.360599999999999810e+01	2.050672233444878856e+01
1.862800000000000011e+01	1.850614339352409843e+01
2.401599999999999824e+01	2.509780334341668961e+01
1.573299999999999876e+01	2.247433631518953945e+01
2.013400000000000034e+01	2.284422349278090536e+01
2.223199999999999932e+01	2.083072239119840319e+01
2.478900000000000148e+01	2.175141687959525072e+01
2.305199999999999960e+01	2.257731378497289043e+01
2.413899999999999935e+01	2.483374766269919931e+01
2.509400000000000119e+01	2.440283713419623979e+01
1.740399999999999991e+01	2.116055788115156489e+01
2.121400000000000219e+01	2.300449369115985476e+01
2.475499999999999901e+01	2.633394191911866145e+01
2.550800000000000267e+01	2.466729403367141060e+01
2.278300000000000125e+01	2.329819524571951561e+01
2.369800000000000040e+01	2.291766056854531186e+01
2.534600000000000009e+01	2.215543964224187690e+01
2.290900000000000247e+01	2.238554924565772097e+01
2.338400000000000034e+01	2.304449722093655240e+01
1.433699999999999974e+01	1.931370691411272844e+01
2.510599999999999810e+01	2.515754270399040493e+01
2.222199999999999775e+01	2.146772390866458480e+01
2.544199999999999662e+01	2.233520999273859786e+01
2.239400000000000190e+01	2.293557013998705330e+01
2.050000000000000000e+01	2.351896928020144273e+01
2.468400000000000105e+01	2.001608060514551468e+01
2.190800000000000125e+01	2.395834536629376288e+01
2.142000000000000171e+01	2.400632156087050362e+01
2.121999999999999886e+01	2.126395315578497502e+01
1.894900000000000162e+01	2.343266454323302384e+01
2.385999999999999943e+01	2.345712128697267218e+01
2.174900000000000233e+01	2.328690827427291410e+01
2.251800000000000068e+01	2.558043890558123579e+01
2.242300000000000182e+01	2.070218021167275779e+01
2.338599999999999923e+01	2.094201389535516711e+01
2.108900000000000219e+01	2.259778691976808318e+01
2.536100000000000065e+01	2.477082187906160016e+01
2.099199999999999733e+01	2.055224890201865051e+01
2.318699999999999761e+01	2.290445295331492659e+01
1.899800000000000111e+01	1.975307305227375210e+01
2.385999999999999943e+01	2.577202438430657594e+01
1.938799999999999812e+01	2.254333130875372504e+01
2.673099999999999810e+01	2.550646064393310297e+01
2.055300000000000082e+01	2.312311481033801286e+01
2.052400000000000091e+01	2.090263951882484150e+01
1.826000000000000156e+01	2.127323599096420281e+01
2.193800000000000239e+01	2.028312321481983105e+01
2.772599999999999909e+01	2.337429210469994700e+01
2.101599999999999824e+01	2.020280352217406161e+01
2.035200000000000031e+01	2.285666830113317616e+01
2.527400000000000091e+01	2.216056388821040457e+01
2.415199999999999747e+01	2.550065973723788915e+01
2.071400000000000219e+01	2.344239866306864783e+01
2.056699999999999662e+01	2.083272796355848655e+01
2.516099999999999781e+01	2.303371866345050023e+01
2.471900000000000119e+01	2.334866244537013102e+01
2.611400000000000077e+01	2.409113680714738948e+01
2.562599999999999767e+01	2.430303906935892755e+01
2.213800000000000168e+01	2.392589748575144526e+01
2.639400000000000190e+01	2.442487697309729811e+01
2.563500000000000156e+01	2.372654196539166804e+01
1.995400000000000063e+01	1.970910885758177500e+01
2.046499999999999986e+01	1.993968955831596901e+01
2.662599999999999767e+01	2.441724210789751481e+01
2.412599999999999767e+01	2.398700124376232168e+01
2.273000000000000043e+01	2.310233732404006801e+01
2.494400000000000261e+01	2.179602781056001248e+01
2.479199999999999804e+01	2.367517723602973234e+01
2.620699999999999719e+01	2.379194141651477779e+01
2.589699999999999847e+01	2.621085315198453713e+01
2.294000000000000128e+01	2.118419530998297873e+01
2.463699999999999690e+01	2.314386963006667131e+01
2.008299999999999841e+01	2.078114973792289888e+01
2.442300000000000182e+01	2.090106593282355973e+01
2.221099999999999852e+01	1.985002751989462055e+01
1.980400000000000205e+01	2.133980891103248467e+01
2.194099999999999895e+01	2.282248893266093503e+01
2.541000000000000014e+01	2.532682159887886542e+01
2.421300000000000097e+01	2.262729885165569854e+01
2.376900000000000190e+01	2.143636882316375747e+01
2.324900000000000233e+01	2.192104885373400691e+01
2.224399999999999977e+01	2.312936142835754083e+01
2.360199999999999676e+01	2.193628910227069539e+01
2.556500000000000128e+01	2.335661689643588090e+01
2.602300000000000324e+01	2.323345061483418306e+01
2.143800000000000239e+01	2.179938115433751022e+01
2.447300000000000253e+01	2.364845241427380174e+01
2.379199999999999804e+01	2.370606914911968843e+01
2.577899999999999991e+01	2.317740826207585769e+01
2.150400000000000134e+01	2.308543812874773948e+01
2.599599999999999866e+01	2.360897715567957533e+01
2.365300000000000225e+01	2.195278986190303883e+01
2.024599999999999866e+01	2.234857193036625844e+01
2.305400000000000205e+01	2.144854555460433332e+01
2.094000000000000128e+01	2.275303970535236431e+01
2.633300000000000196e+01	2.232562535884509458e+01
2.039600000000000080e+01	2.066309812624048092e+01
2.258399999999999963e+01	2.293651321747869787e+01
2.498600000000000065e+01	2.404063090545620796e+01
2.301399999999999935e+01	2.210452381273033851e+01
2.227699999999999747e+01	2.142402009308721489e+01
2.308099999999999952e+01	2.415201017378625892e+01
2.423099999999999810e+01	2.259845745942385520e+01
2.522199999999999775e+01	2.204543257966937020e+01
2.472699999999999676e+01	2.032436997571619841e+01
2.117699999999999960e+01	2.184955520419907771e+01
2.215599999999999881e+01	2.259932817529338678e+01
2.453400000000000247e+01	2.049162068586834451e+01
2.086400000000000077e+01	2.281882885055648558e+01
2.171099999999999852e+01	2.164624242947701660e+01
2.123400000000000176e+01	2.031713194436659720e+01
2.326000000000000156e+01	2.027003742128905017e+01
2.365300000000000225e+01	2.286223444948161188e+01
2.316099999999999781e+01	2.366802862888000192e+01
2.266800000000000281e+01	2.313209909877125980e+01
2.177899999999999991e+01	2.561694002789005253e+01
1.876900000000000190e+01	2.172123654890800637e+01
2.183099999999999952e+01	2.231736214782327110e+01
2.566000000000000014e+01	2.321349621217716219e+01
2.248000000000000043e+01	2.387271633438676588e+01
2.168499999999999872e+01	1.948539856414049609e+01
2.199399999999999977e+01	2.069912430734698106e+01
2.396300000000000097e+01	2.165335031216827133e+01
2.062000000000000099e+01	2.225215756505659925e+01
2.117000000000000171e+01	2.125882905766849618e+01
2.082999999999999829e+01	2.292041254883696766e+01
2.209900000000000020e+01	2.279664296924072175e+01
2.406800000000000139e+01	2.117862632205011053e+01
2.438599999999999923e+01	2.590610008769459327e+01
1.766799999999999926e+01	2.068816850043548783e+01
2.461599999999999966e+01	2.350050605588028674e+01
2.546099999999999852e+01	2.252426242691376146e+01
2.217500000000000071e+01	2.252561591495237181e+01
2.640900000000000247e+01	2.659870664537031715e+01
2.306800000000000139e+01	2.319120580446903190e+01
2.309800000000000253e+01	2.370687999356449538e+01
1.907000000000000028e+01	1.845792173491528843e+01
1.931500000000000128e+01	2.276847971825356609e+01
1.801200000000000045e+01	1.994603428611548068e+01
1.972299999999999898e+01	2.106164066494586962e+01
1.845100000000000051e+01	2.017498591494498328e+01
2.372599999999999909e+01	2.369899943535111575e+01
2.080900000000000105e+01	2.126967059423474282e+01
2.142399999999999949e+01	1.939447052439638242e+01
2.521300000000000097e+01	2.086950913561683407e+01
2.207300000000000040e+01	2.625757065506589427e+01
2.572300000000000253e+01	2.188438038388221329e+01
2.406300000000000239e+01	2.362282190137296922e+01
2.168800000000000239e+01	2.107682809481926967e+01
2.337000000000000099e+01	2.157654759269879108e+01
2.201000000000000156e+01	2.197075969905639425e+01
2.446900000000000119e+01	2.262153230584838326e+01
2.268400000000000105e+01	2.448205218877403055e+01
2.499300000000000210e+01	2.322188191419791536e+01
2.091400000000000148e+01	2.089067436655172827e+01
1.920599999999999952e+01	2.107094918901184499e+01
2.102499999999999858e+01	2.076354055440928192e+01
2.566499999999999915e+01	2.294029987994131403e+01
1.989300000000000068e+01	2.263148926450396559e+01
2.549800000000000111e+01	2.285040593638164452e+01
1.924500000000000099e+01	2.191010094449114831e+01
2.771699999999999875e+01	2.526965527450984439e+01
1.973999999999999844e+01	2.533252794983410539e+01
2.371699999999999875e+01	2.219500247664987924e+01
2.207600000000000051e+01	2.189551245205992203e+01
2.694199999999999662e+01	2.155285373373302349e+01
2.199500000000000099e+01	2.292988859382246147e+01
2.075800000000000267e+01	2.099398193968845661e+01
2.333800000000000097e+01	2.373631408559876022e+01
2.028200000000000003e+01	2.046908725273956620e+01
2.148099999999999810e+01	2.271822813212079240e+01
2.153199999999999648e+01	2.202758161733610365e+01
2.018299999999999983e+01	2.536872074226768348e+01
2.412800000000000011e+01	2.103247694168482695e+01
2.772699999999999676e+01	2.585813872097519095e+01
2.531699999999999662e+01	2.664054338679338230e+01
2.176099999999999923e+01	2.272127301877695160e+01
2.483699999999999974e+01	1.917539242238264308e+01
2.067099999999999937e+01	2.315529512916943133e+01
2.072599999999999909e+01	2.108119505471103494e+01
2.494599999999999795e+01	2.662525689959690212e+01
2.243199999999999861e+01	2.223938945904635389e+01
2.322500000000000142e+01	2.527676110918031327e+01
2.467599999999999838e+01	2.181406308707330410e+01
2.496699999999999875e+01	2.471374917580040886e+01
2.424599999999999866e+01	2.270364616108777156e+01
2.427199999999999847e+01	2.096301579421819383e+01
2.555800000000000338e+01	2.036146694023031145e+01
2.087300000000000111e+01	2.082143457455977753e+01
2.311599999999999966e+01	2.283097957774940667e+01
2.482300000000000040e+01	2.658489165733551118e+01
2.220599999999999952e+01	2.361665385929137173e+01
2.492699999999999960e+01	2.502212247516134269e+01
2.249599999999999866e+01	2.199832272687384815e+01
2.271099999999999852e+01	2.301748565324863449e+01
2.115099999999999980e+01	1.978557402980177216e+01
2.275800000000000267e+01	2.117644253410850652e+01
2.194500000000000028e+01	1.979564377293411326e+01
1.822100000000000009e+01	2.258962687591037977e+01
