2.394699999999999918e+01	2.457235657039010945e+01
2.561100000000000065e+01	2.643326687048729084e+01
2.159400000000000119e+01	2.402922505807556064e+01
2.354500000000000171e+01	2.486790060935308944e+01
2.144699999999999918e+01	2.087188146335851968e+01
2.318599999999999994e+01	2.299626344058246730e+01
2.458199999999999719e+01	2.288582087610448923e+01
2.782900000000000063e+01	2.540592300447524465e+01
2.363199999999999790e+01	2.282947795672902203e+01
1.922599999999999909e+01	2.038455612270947981e+01
2.548900000000000077e+01	2.229383440380664894e+01
2.361199999999999832e+01	2.363894556400401825e+01
2.204699999999999704e+01	2.485997903311055524e+01
2.641499999999999915e+01	2.363358378099531976e+01
2.084600000000000009e+01	2.329510742845217663e+01
2.082600000000000051e+01	2.106101407142218562e+01
2.631500000000000128e+01	2.315840925228721758e+01
2.796599999999999753e+01	2.649860818101116777e+01
2.055699999999999861e+01	2.378769243682550893e+01
2.268499999999999872e+01	2.233351200030136496e+01
1.858500000000000085e+01	2.067977821290240570e+01
2.325199999999999889e+01	2.326073207488683181e+01
2.838599999999999923e+01	2.530887708035039552e+01
2.035399999999999920e+01	2.158615877176850262e+01
2.062400000000000233e+01	2.094847161212853237e+01
1.999800000000000111e+01	2.077670201048108112e+01
2.370499999999999829e+01	2.330045678172424672e+01
2.557499999999999929e+01	2.500434864017144676e+01
2.248699999999999832e+01	2.541193333738600657e+01
2.091800000000000281e+01	2.359138562721397392e+01
2.266499999999999915e+01	2.412887703435759335e+01
2.416800000000000281e+01	2.290230539551829025e+01
2.135699999999999932e+01	2.207450762115634291e+01
2.389699999999999847e+01	2.278605401837282685e+01
2.649399999999999977e+01	2.390191442892470519e+01
1.953500000000000014e+01	2.089173238320251969e+01
2.891099999999999781e+01	2.394419617665510813e+01
2.161100000000000065e+01	2.308740562286667242e+01
2.487300000000000111e+01	2.411631104975100826e+01
2.318900000000000006e+01	2.332779338739281982e+01
1.526299999999999990e+01	2.065850948750105331e+01
2.579400000000000048e+01	2.382663445472261188e+01
2.372800000000000153e+01	2.421550363323178701e+01
2.636699999999999733e+01	2.412286192207869462e+01
2.833300000000000196e+01	2.450919042192107966e+01
2.021300000000000097e+01	2.315133709081717228e+01
2.620800000000000196e+01	2.434082631257088636e+01
2.371300000000000097e+01	2.201152169079753307e+01
2.441300000000000026e+01	2.480777969915682846e+01
2.014199999999999946e+01	1.998842115066229397e+01
2.435599999999999810e+01	2.261109973337732271e+01
2.253800000000000026e+01	2.348165882278438232e+01
2.504500000000000171e+01	2.342758821982977580e+01
1.932600000000000051e+01	2.092698576186646520e+01
2.152100000000000080e+01	2.081169049628666912e+01
2.417199999999999704e+01	2.175310804841882018e+01
2.399199999999999733e+01	2.249603312801157529e+01
2.672199999999999775e+01	2.542140435557778844e+01
2.361800000000000210e+01	2.364721870005892512e+01
2.172500000000000142e+01	2.180057778161376802e+01
2.484099999999999753e+01	2.485532373900080927e+01
2.065800000000000125e+01	2.259951813643547780e+01
2.436800000000000210e+01	2.267318570597086591e+01
2.411599999999999966e+01	2.019013643589996221e+01
2.484400000000000119e+01	2.457157420599558151e+01
1.805300000000000082e+01	2.001984833268500807e+01
2.313800000000000168e+01	2.453543906241782224e+01
2.202300000000000324e+01	2.194260345116637367e+01
2.474800000000000111e+01	2.127571908669624889e+01
1.805900000000000105e+01	2.126482728973455139e+01
1.945100000000000051e+01	2.135065199175023309e+01
2.528699999999999903e+01	2.364797014521056084e+01
2.373300000000000054e+01	2.099997630033477236e+01
1.965500000000000114e+01	2.182622352019783563e+01
2.323600000000000065e+01	2.363031539022640715e+01
2.161199999999999832e+01	2.067811683135274592e+01
2.324500000000000099e+01	2.186326997584724552e+01
2.512300000000000111e+01	2.515910783473095691e+01
2.428099999999999881e+01	2.290242707238171249e+01
2.460699999999999932e+01	2.278429321041435429e+01
2.296599999999999753e+01	2.415473023023885801e+01
2.669300000000000139e+01	2.345382477638094443e+01
1.754200000000000159e+01	2.021463306722810671e+01
2.728699999999999903e+01	2.450701677011657509e+01
2.008299999999999841e+01	2.411412666692510243e+01
2.273300000000000054e+01	2.182652383070810131e+01
2.348300000000000054e+01	2.163834587712353041e+01
1.908500000000000085e+01	2.227257834021081351e+01
2.042299999999999827e+01	1.923413780930460604e+01
1.770299999999999940e+01	2.130088636169538319e+01
2.446400000000000219e+01	2.323618136206297535e+01
2.079500000000000171e+01	2.126697583744466158e+01
2.045499999999999829e+01	2.243513136826584287e+01
2.303099999999999881e+01	2.351322806057470061e+01
2.027299999999999969e+01	1.930437918568831179e+01
2.471800000000000352e+01	2.341315365157401374e+01
2.222199999999999775e+01	2.230756332987521873e+01
1.849399999999999977e+01	2.336420914324037312e+01
2.084800000000000253e+01	2.151127031946096224e+01
2.144599999999999795e+01	2.214864982226258050e+01
1.887800000000000011e+01	2.101530405088768916e+01
2.531099999999999994e+01	2.474307487181498999e+01
1.686899999999999977e+01	1.919408783511282834e+01
2.787000000000000099e+01	2.499923962863884341e+01
2.105300000000000082e+01	2.056380771564942833e+01
1.494900000000000162e+01	1.734487851062241148e+01
1.839099999999999824e+01	1.910399993893797088e+01
2.517900000000000205e+01	2.400662569596234164e+01
2.152699999999999747e+01	2.059716485104089401e+01
2.382600000000000051e+01	2.555614583237042226e+01
1.800400000000000134e+01	2.356581594865601303e+01
2.367300000000000182e+01	2.334581340561946305e+01
2.236699999999999733e+01	2.147436857807242561e+01
2.438400000000000034e+01	2.070708597444136245e+01
2.370100000000000051e+01	2.196667235419355180e+01
2.302699999999999747e+01	2.353648364682486260e+01
2.306500000000000128e+01	2.303548064767323922e+01
2.296300000000000097e+01	2.317676741644529059e+01
2.526199999999999690e+01	2.220720608558360709e+01
2.592399999999999949e+01	2.506937622326158888e+01
2.594900000000000162e+01	2.393309418201018701e+01
1.829799999999999827e+01	1.981514437801893891e+01
2.108500000000000085e+01	2.143885564633593077e+01
2.649099999999999966e+01	2.166000141446948035e+01
1.564599999999999902e+01	2.198403305522081652e+01
2.873400000000000176e+01	2.784314772569747021e+01
2.199300000000000210e+01	2.123812265273821964e+01
2.093400000000000105e+01	2.248219485892904146e+01
2.639600000000000080e+01	2.524153157563247163e+01
2.136300000000000310e+01	2.109342111819325183e+01
2.313899999999999935e+01	2.217323070124006890e+01
2.519300000000000139e+01	2.086236170657452860e+01
2.332300000000000040e+01	2.057393888085531941e+01
2.462500000000000000e+01	2.295212759858659979e+01
1.966199999999999903e+01	2.387082917169792751e+01
2.005599999999999739e+01	2.312655795682566406e+01
1.837699999999999889e+01	2.286272184736034063e+01
1.930000000000000071e+01	2.064682225929485426e+01
2.191499999999999915e+01	2.168971394474726821e+01
2.298099999999999810e+01	2.325150331009519533e+01
2.424199999999999733e+01	2.274526165144858680e+01
2.268199999999999861e+01	2.166048680371954660e+01
2.461300000000000310e+01	2.164972586750690553e+01
2.225000000000000000e+01	2.034287147053827738e+01
2.305999999999999872e+01	2.162081424677872832e+01
2.018700000000000117e+01	2.163300225819032718e+01
2.070300000000000296e+01	2.277799982354851593e+01
1.836799999999999855e+01	2.185557530958689654e+01
2.411699999999999733e+01	2.347712495063277771e+01
2.050300000000000011e+01	2.244172675785040738e+01
2.554800000000000182e+01	2.562480546473127418e+01
2.023799999999999955e+01	2.299419833879116126e+01
1.993299999999999983e+01	2.165950783309227745e+01
2.126999999999999957e+01	2.224698566956464774e+01
2.192099999999999937e+01	2.238937182122563740e+01
2.449099999999999966e+01	2.487967955309150980e+01
1.989600000000000080e+01	2.196064511442663303e+01
2.233099999999999952e+01	2.359616188955565619e+01
2.562000000000000099e+01	2.492736224070186424e+01
2.105800000000000338e+01	2.283077426314667235e+01
2.462699999999999889e+01	2.716970320022393892e+01
2.456699999999999662e+01	2.478624833076665368e+01
2.355099999999999838e+01	2.156058476874107654e+01
2.430800000000000338e+01	2.154899565763131619e+01
1.928500000000000014e+01	2.017442025762200331e+01
2.452199999999999847e+01	2.446761249929250326e+01
1.925000000000000000e+01	2.042252760016025448e+01
2.123400000000000176e+01	2.157231575199181250e+01
2.040700000000000003e+01	2.244533642183908384e+01
1.898999999999999844e+01	2.228057618498451120e+01
1.864099999999999824e+01	2.178816445185090700e+01
2.162300000000000111e+01	2.011357060540012753e+01
2.539999999999999858e+01	2.489044722815803112e+01
2.258300000000000196e+01	2.146927582492539699e+01
2.363599999999999923e+01	2.269647502595042710e+01
2.296000000000000085e+01	2.412817958606003543e+01
2.333900000000000219e+01	2.194418508518668531e+01
2.763899999999999935e+01	2.611122737331204391e+01
2.217699999999999960e+01	2.293177718840415125e+01
2.384900000000000020e+01	2.286449206245394095e+01
2.484099999999999753e+01	2.194454431942785533e+01
2.336300000000000310e+01	2.252959100269728054e+01
2.149300000000000210e+01	2.235153204705488150e+01
2.126500000000000057e+01	2.169787201354424511e+01
2.020799999999999841e+01	1.931259170269134984e+01
1.594900000000000162e+01	2.071620652738368662e+01
2.588100000000000023e+01	2.216578754174895138e+01
2.413199999999999790e+01	2.258908799512641252e+01
2.362699999999999889e+01	2.474481543865654842e+01
2.224800000000000111e+01	2.388771525163795673e+01
2.062099999999999866e+01	2.198024811458839523e+01
2.782800000000000296e+01	2.454145526355462081e+01
2.410599999999999810e+01	2.238647050064940913e+01
2.710699999999999932e+01	2.528128347497888839e+01
2.526300000000000168e+01	2.320973852171194096e+01
2.107800000000000296e+01	2.174614888617775321e+01
1.792200000000000060e+01	2.278041814607056992e+01
2.314300000000000068e+01	2.524411436658940389e+01
2.387400000000000233e+01	2.245463884379472930e+01
2.023300000000000054e+01	2.402541649486715514e+01
2.630199999999999960e+01	2.461302096682415552e+01
2.649099999999999966e+01	2.553648007155033284e+01
2.458399999999999963e+01	2.137935696205073555e+01
2.169500000000000028e+01	2.184908102823574083e+01
2.476199999999999690e+01	2.533215042049792487e+01
2.439499999999999957e+01	2.363532812389160398e+01
2.189499999999999957e+01	2.423271384256448258e+01
2.504199999999999804e+01	2.501638922954618494e+01
2.215500000000000114e+01	2.270561884468590108e+01
2.003000000000000114e+01	2.073396817651292068e+01
2.690800000000000125e+01	2.042570650110907593e+01
2.743699999999999761e+01	2.507371221792660876e+01
2.173699999999999832e+01	2.282121220062903078e+01
2.284900000000000020e+01	2.256624241694194666e+01
2.241900000000000048e+01	2.096834474038687901e+01
2.151199999999999690e+01	2.300863449470842070e+01
2.295400000000000063e+01	2.376345801922040835e+01
2.259099999999999753e+01	2.515126367173678901e+01
2.639999999999999858e+01	2.353143072941251290e+01
2.292599999999999838e+01	2.454943802553755461e+01
2.373000000000000043e+01	2.187487857959231263e+01
2.287099999999999866e+01	2.256538306283526651e+01
2.277199999999999847e+01	2.255204592167272182e+01
2.411499999999999844e+01	2.155213357927350160e+01
2.303800000000000026e+01	2.158751778647363651e+01
1.786299999999999955e+01	2.183008845227508488e+01
1.929299999999999926e+01	2.215167077109153126e+01
2.146800000000000352e+01	2.062355735812535329e+01
2.157699999999999818e+01	2.126460027017114740e+01
2.333300000000000196e+01	2.291197840056450374e+01
2.389099999999999824e+01	2.151017908104297049e+01
2.292999999999999972e+01	2.269706884304520500e+01
2.391400000000000148e+01	2.439588472743402292e+01
2.191499999999999915e+01	2.335310176279829975e+01
2.409699999999999775e+01	2.124545310293069278e+01
2.477300000000000324e+01	2.221700073082269711e+01
2.169300000000000139e+01	2.133153292696755798e+01
2.124399999999999977e+01	2.209484019067794591e+01
2.322100000000000009e+01	2.470004062488919772e+01
2.279500000000000171e+01	2.190486176138720964e+01
2.264199999999999946e+01	2.458093102787000817e+01
2.114800000000000324e+01	2.278919692281683140e+01
2.032700000000000173e+01	2.109595742522686734e+01
2.286400000000000077e+01	2.192961506579061748e+01
2.375600000000000023e+01	2.610082317547382402e+01
1.871099999999999852e+01	2.305745406614736837e+01
2.552199999999999847e+01	2.106321718003380639e+01
1.969900000000000162e+01	2.157353548649167507e+01
2.288400000000000034e+01	2.186880570063549101e+01
2.176999999999999957e+01	2.031773993675814083e+01
2.344599999999999795e+01	2.287347961607045477e+01
2.471999999999999886e+01	2.424394899272753179e+01
2.160000000000000142e+01	2.169530843664793451e+01
2.080999999999999872e+01	2.033575408604180268e+01
2.186899999999999977e+01	2.251135435317856803e+01
2.382400000000000162e+01	2.530750400744108930e+01
2.269900000000000162e+01	2.287639598203626790e+01
2.160900000000000176e+01	2.338442954552417063e+01
2.166900000000000048e+01	2.114663438020876640e+01
1.855599999999999739e+01	2.288153310067140467e+01
2.054400000000000048e+01	2.024973741770592639e+01
2.261499999999999844e+01	2.267035183611895732e+01
2.579199999999999804e+01	2.370363252669138276e+01
2.454300000000000281e+01	2.318580271317226504e+01
2.090800000000000125e+01	2.250178910047020509e+01
2.174900000000000233e+01	2.079185154811667147e+01
2.416800000000000281e+01	2.158097912333717616e+01
2.433300000000000196e+01	2.139424082474649325e+01
2.510800000000000054e+01	2.342974904158807803e+01
2.212699999999999889e+01	2.156574857475085949e+01
2.470800000000000196e+01	2.219625902538052387e+01
2.523300000000000054e+01	2.223747504319318935e+01
2.313100000000000023e+01	2.461191527605401319e+01
2.179400000000000048e+01	1.914307470257071131e+01
2.048499999999999943e+01	2.322670433889714658e+01
2.110699999999999932e+01	2.231634182237342046e+01
2.397100000000000009e+01	2.174796460664468611e+01
2.488899999999999935e+01	2.217112840356189807e+01
2.207099999999999795e+01	2.151658253368007578e+01
2.172599999999999909e+01	2.220479975164760589e+01
2.722100000000000009e+01	2.541250679822528724e+01
2.381500000000000128e+01	2.362663656628300757e+01
2.571900000000000119e+01	2.254928133707155880e+01
2.243800000000000239e+01	2.430308766636029461e+01
2.130000000000000071e+01	2.202437939715267845e+01
1.961200000000000188e+01	2.361741461012122656e+01
2.537099999999999866e+01	2.363054141177557455e+01
2.553599999999999781e+01	2.324228331615693932e+01
2.417599999999999838e+01	2.300919639564396846e+01
2.494300000000000139e+01	2.671327365021687683e+01
2.104699999999999704e+01	2.272295440107567188e+01
2.755400000000000205e+01	2.309867367848249486e+01
2.580900000000000105e+01	2.651663678130434576e+01
2.605300000000000082e+01	2.159224553155394588e+01
2.482300000000000040e+01	2.510316152881337359e+01
2.095499999999999829e+01	2.226354445878005706e+01
2.243300000000000338e+01	2.148908095117698380e+01
2.404699999999999704e+01	2.413603940362516198e+01
2.199699999999999989e+01	2.457375374636797716e+01
2.536400000000000077e+01	2.347232639756286332e+01
2.613899999999999935e+01	2.312482011989152397e+01
2.129800000000000182e+01	2.132439942394915633e+01
2.169500000000000028e+01	2.132091596384921317e+01
2.079500000000000171e+01	1.968191958265806107e+01
2.258599999999999852e+01	2.439645923014895956e+01
2.071800000000000352e+01	2.150609711498111309e+01
2.200099999999999767e+01	2.238771376492078602e+01
2.687099999999999866e+01	2.763893956545421915e+01
1.971000000000000085e+01	2.120903715991007132e+01
1.725600000000000023e+01	1.871493030569662608e+01
2.216800000000000281e+01	1.931514976347588686e+01
2.283500000000000085e+01	2.187135812174129157e+01
2.379199999999999804e+01	2.477564993841706098e+01
2.019000000000000128e+01	2.178104572478863687e+01
1.909400000000000119e+01	2.306715547996657989e+01
2.360800000000000054e+01	2.323146755710976663e+01
2.624099999999999966e+01	2.669102243165439603e+01
2.295300000000000296e+01	2.479606388041971954e+01
2.367699999999999960e+01	2.193252440123752578e+01
1.796199999999999974e+01	1.707249568714288657e+01
2.455099999999999838e+01	2.664725823904204560e+01
2.705900000000000105e+01	2.631226097679392240e+01
2.542199999999999704e+01	2.431362390654685157e+01
2.375400000000000134e+01	2.377608715138405415e+01
1.640200000000000102e+01	2.123003707788234706e+01
1.940599999999999881e+01	2.145015989138168422e+01
2.114099999999999824e+01	2.127942122446129147e+01
2.443400000000000105e+01	2.404101640619400726e+01
2.274900000000000233e+01	2.177558498890753924e+01
2.254899999999999949e+01	2.092390075134207095e+01
2.084499999999999886e+01	2.306409499186312573e+01
2.200800000000000267e+01	1.923038141309696769e+01
2.136499999999999844e+01	2.408140340440750649e+01
1.735399999999999920e+01	2.037162253859411365e+01
2.677899999999999991e+01	2.498618834557760593e+01
2.546900000000000119e+01	2.525178494180464384e+01
2.811599999999999966e+01	2.610860992198243835e+01
2.378500000000000014e+01	2.383927529287424818e+01
2.370499999999999829e+01	2.480025117254149336e+01
2.033999999999999986e+01	2.269785698165420840e+01
2.449399999999999977e+01	2.394952202802916830e+01
2.340699999999999648e+01	2.446329665988209001e+01
2.245699999999999719e+01	2.047906098862864255e+01
2.043299999999999983e+01	2.403651189064984450e+01
2.500400000000000134e+01	2.392412854033732827e+01
1.755000000000000071e+01	2.062973369637116861e+01
2.614499999999999957e+01	2.367601572460926107e+01
2.166099999999999781e+01	2.101853530310387441e+01
2.161899999999999977e+01	2.259124784574519751e+01
2.192300000000000182e+01	2.280714004561684405e+01
2.171400000000000219e+01	2.342288536060524962e+01
2.263599999999999923e+01	2.373284272700930941e+01
2.484699999999999775e+01	2.524510445251310742e+01
2.544099999999999895e+01	2.339736889800510511e+01
2.076999999999999957e+01	2.090395334022897345e+01
1.843200000000000216e+01	2.219200775331293940e+01
2.363100000000000023e+01	2.425960296639185998e+01
2.481500000000000128e+01	2.392876625242857003e+01
2.428699999999999903e+01	1.988335780342623593e+01
2.489199999999999946e+01	2.392423658972260014e+01
2.432000000000000028e+01	2.509247829514983508e+01
2.544400000000000261e+01	2.249109447661003003e+01
1.774200000000000088e+01	1.813403553937390456e+01
2.626800000000000068e+01	2.432144140182253267e+01
2.595400000000000063e+01	2.408366209290367266e+01
2.462099999999999866e+01	2.335354220381928769e+01
2.839600000000000080e+01	2.486958312663686499e+01
2.105000000000000071e+01	2.285294153065229494e+01
1.914700000000000202e+01	2.004119134260894697e+01
2.036899999999999977e+01	2.220173700039260467e+01
1.989000000000000057e+01	2.061356355898609749e+01
2.906500000000000128e+01	2.645091049398834215e+01
2.274800000000000111e+01	2.232726747236090858e+01
1.743700000000000117e+01	2.099785547174282030e+01
2.100300000000000011e+01	2.197215810772182465e+01
1.813599999999999923e+01	2.167069317153627850e+01
2.278400000000000247e+01	1.973438903230298891e+01
2.576699999999999946e+01	2.082203826185606488e+01
2.165199999999999747e+01	2.216237399922748708e+01
2.264999999999999858e+01	2.388282547673886924e+01
1.948700000000000188e+01	1.958776554288269978e+01
2.504400000000000048e+01	2.457604321716179285e+01
2.362999999999999901e+01	2.545755245183024229e+01
1.909900000000000020e+01	2.305095084191567167e+01
2.361599999999999966e+01	2.305937561403106173e+01
2.100099999999999767e+01	1.967219859002133830e+01
2.209400000000000119e+01	2.483732615287950551e+01
2.585199999999999676e+01	2.463982084512832671e+01
2.104400000000000048e+01	2.297974182777998919e+01
2.270800000000000196e+01	2.201320060330353101e+01
2.531900000000000261e+01	2.553203852929739881e+01
2.184800000000000253e+01	2.075428460768248939e+01
1.912300000000000111e+01	2.336481956125984638e+01
1.899900000000000233e+01	2.481736178027221129e+01
2.566000000000000014e+01	2.420554977622877857e+01
1.708399999999999963e+01	2.286564212305910715e+01
2.471300000000000097e+01	2.178123434803688951e+01
1.778200000000000003e+01	2.299823923490227173e+01
2.024699999999999989e+01	1.994954268687707710e+01
2.335500000000000043e+01	2.332321692028743598e+01
2.703900000000000148e+01	2.586170793321223016e+01
2.312699999999999889e+01	2.202543780394498185e+01
2.412400000000000233e+01	2.196049205505050850e+01
1.995100000000000051e+01	2.118479346898539006e+01
2.237500000000000000e+01	2.188669052879860288e+01
2.000600000000000023e+01	2.236982946650473636e+01
2.292300000000000182e+01	2.225451739818845809e+01
2.663100000000000023e+01	2.360424689770792028e+01
2.041799999999999926e+01	2.121351750322196494e+01
2.074500000000000099e+01	1.995646094918228997e+01
2.213500000000000156e+01	2.222076871173365475e+01
2.237699999999999889e+01	2.239049679153790606e+01
2.555199999999999960e+01	2.312747729762848437e+01
2.013799999999999812e+01	2.239382718282831419e+01
2.134199999999999875e+01	2.206893901057711815e+01
2.362400000000000233e+01	2.106165023553526439e+01
1.864900000000000091e+01	2.111858951566105347e+01
2.442199999999999704e+01	2.254640244573895913e+01
2.342999999999999972e+01	2.322529784164356315e+01
2.360199999999999676e+01	2.397423278799412572e+01
2.550600000000000023e+01	2.522014997315870488e+01
2.193599999999999994e+01	2.138611921225496104e+01
1.546499999999999986e+01	2.016296498721607122e+01
2.407300000000000040e+01	2.149659562794935397e+01
2.173800000000000310e+01	2.358764089942882691e+01
2.220699999999999719e+01	2.015158070817797054e+01
1.948300000000000054e+01	2.035416319280744091e+01
2.072400000000000020e+01	2.240421616874419897e+01
1.796099999999999852e+01	2.154630618427399114e+01
2.567500000000000071e+01	2.586970830929103116e+01
2.236199999999999832e+01	2.122114881718001200e+01
1.923499999999999943e+01	2.253658345306369526e+01
2.276699999999999946e+01	2.574778660761465687e+01
2.402400000000000091e+01	2.457164214219174525e+01
2.395300000000000296e+01	2.162936539655099466e+01
2.417699999999999960e+01	2.262457546937633168e+01
2.464300000000000068e+01	2.126287135647945803e+01
2.578000000000000114e+01	2.385152949896459162e+01
1.797599999999999909e+01	2.038556382111100973e+01
1.430900000000000105e+01	2.074426375135165657e+01
2.384699999999999775e+01	2.294645323478584942e+01
1.904500000000000171e+01	2.162652160752627850e+01
1.763700000000000045e+01	2.136798653163874562e+01
2.183900000000000219e+01	2.069194203823103706e+01
2.310099999999999909e+01	2.268355629448866750e+01
2.125199999999999889e+01	2.370220384125977375e+01
2.745300000000000296e+01	2.625179060399797848e+01
2.056099999999999994e+01	2.095689973423412411e+01
1.997400000000000020e+01	2.151345083460821428e+01
2.207699999999999818e+01	2.103343144867837822e+01
2.407499999999999929e+01	2.569668245394713679e+01
2.507499999999999929e+01	2.539038518921986665e+01
2.596999999999999886e+01	2.402575592425132101e+01
2.144199999999999662e+01	2.196102588618676421e+01
1.995700000000000074e+01	2.184610305175495881e+01
2.146400000000000219e+01	2.315306230528920395e+01
2.386899999999999977e+01	2.229895445428573453e+01
2.425000000000000000e+01	2.267297099799138138e+01
2.025700000000000145e+01	2.182573357624421106e+01
1.774699999999999989e+01	2.017046098314932578e+01
2.351599999999999824e+01	2.249612470509289253e+01
2.521099999999999852e+01	2.105084526444056436e+01
2.625699999999999790e+01	2.395568329903801441e+01
2.505000000000000071e+01	2.476000423149854512e+01
2.305300000000000082e+01	2.424795972292310253e+01
2.388400000000000034e+01	2.237989653870538831e+01
2.289999999999999858e+01	2.169133013905453566e+01
2.540500000000000114e+01	2.503228197947603917e+01
2.370199999999999818e+01	2.257382577996459005e+01
2.335800000000000054e+01	2.530899458557007264e+01
2.219199999999999662e+01	2.168745695923173145e+01
2.589199999999999946e+01	2.426879832048588170e+01
2.341199999999999903e+01	2.238654668024857841e+01
2.401000000000000156e+01	2.583309373537822040e+01
2.746000000000000085e+01	2.709246453301065216e+01
2.238500000000000156e+01	2.228475349065119815e+01
2.320899999999999963e+01	2.456376666847493695e+01
2.207199999999999918e+01	2.535778312412253399e+01
2.224900000000000233e+01	2.241010273453529678e+01
1.958900000000000219e+01	2.178979462974637826e+01
2.516499999999999915e+01	2.259410312987989755e+01
2.477699999999999747e+01	2.344265073287200352e+01
2.021999999999999886e+01	2.101541190547127513e+01
1.887599999999999767e+01	2.339396486705689426e+01
2.167699999999999960e+01	2.327995870359910313e+01
2.226999999999999957e+01	2.233427166577216028e+01
1.942399999999999949e+01	1.853539919602594566e+01
2.594000000000000128e+01	2.451115535572968085e+01
2.455000000000000071e+01	2.517845175256172752e+01
2.130800000000000338e+01	2.072470199719152362e+01
2.323699999999999832e+01	2.269529336349808091e+01
2.236899999999999977e+01	2.398313984874391380e+01
2.353300000000000125e+01	2.233941991289562523e+01
2.119500000000000028e+01	2.464430960633076850e+01
2.132499999999999929e+01	2.250079700653641979e+01
1.788500000000000156e+01	1.881093347482520883e+01
2.210599999999999810e+01	2.472223482697481245e+01
2.343300000000000338e+01	2.344347222983800805e+01
2.379199999999999804e+01	2.293114685664897578e+01
1.580799999999999983e+01	2.011061384780730066e+01
2.148000000000000043e+01	2.232388965901662203e+01
1.970499999999999829e+01	2.256624937884762261e+01
2.127499999999999858e+01	2.082656828270395621e+01
2.549800000000000111e+01	2.335904242107692852e+01
2.448400000000000176e+01	2.399066649202833901e+01
2.845599999999999952e+01	2.364117357779393203e+01
2.172800000000000153e+01	2.244729435909020765e+01
2.489499999999999957e+01	2.254169074855100519e+01
2.335900000000000176e+01	2.404548774773227748e+01
2.153999999999999915e+01	2.193282760183362967e+01
2.265199999999999747e+01	2.141313005342621878e+01
2.019299999999999784e+01	2.281751783367620234e+01
1.920200000000000173e+01	2.234077113693731675e+01
1.792800000000000082e+01	2.050833735852718931e+01
2.235699999999999932e+01	2.142758364737141008e+01
2.539300000000000068e+01	2.169221925782824556e+01
2.118499999999999872e+01	2.134363648880582076e+01
2.509699999999999775e+01	2.328228222313840945e+01
2.149399999999999977e+01	2.035387883704285628e+01
2.262400000000000233e+01	2.339766538010742991e+01
2.858699999999999974e+01	2.616359618953711674e+01
2.099099999999999966e+01	2.148596994865954812e+01
2.624500000000000099e+01	2.269980179532508302e+01
2.457400000000000162e+01	2.470466679658257547e+01
2.180099999999999838e+01	2.135968540933640725e+01
2.115099999999999980e+01	2.276940930425984533e+01
2.458699999999999974e+01	2.372433002985100714e+01
2.438400000000000034e+01	2.262051283652721168e+01
2.275099999999999767e+01	2.090561215207974755e+01
2.415199999999999747e+01	2.448487341901875070e+01
1.937000000000000099e+01	2.107662989648412477e+01
2.246599999999999753e+01	2.246012777709342956e+01
2.613300000000000267e+01	2.366293862264801007e+01
2.537599999999999767e+01	2.257755061579861788e+01
2.315399999999999991e+01	2.205840937930278045e+01
1.989300000000000068e+01	2.163660454892889007e+01
1.917699999999999960e+01	2.291622839262433686e+01
2.433099999999999952e+01	2.514441472214388540e+01
2.230400000000000205e+01	2.459524277341609633e+01
2.157300000000000040e+01	2.289730984260990709e+01
2.110699999999999932e+01	2.094312211074203134e+01
2.063300000000000267e+01	2.351475907442295465e+01
1.544599999999999973e+01	2.092255164798900324e+01
2.357600000000000051e+01	2.368052995564764984e+01
2.235800000000000054e+01	2.139788206144649507e+01
1.795200000000000173e+01	2.082819263124111586e+01
2.687900000000000134e+01	2.161901708980501979e+01
2.442500000000000071e+01	2.123711359122844300e+01
2.330800000000000338e+01	2.149013215966642321e+01
2.089000000000000057e+01	2.181960238819426223e+01
2.400900000000000034e+01	2.313259337532782922e+01
2.204199999999999804e+01	2.480834382673177885e+01
2.014499999999999957e+01	2.064511824328604206e+01
2.311699999999999733e+01	2.046747253726643478e+01
2.848600000000000065e+01	2.453598629274004850e+01
1.912000000000000099e+01	2.112501006367882184e+01
2.239000000000000057e+01	2.469827779235887277e+01
2.116699999999999804e+01	2.213465436524159102e+01
1.917500000000000071e+01	2.146596818394870354e+01
1.958900000000000219e+01	2.286573764784789375e+01
2.213899999999999935e+01	2.163021947942436540e+01
1.976399999999999935e+01	2.108225534212476049e+01
2.908999999999999986e+01	2.734987287414479340e+01
1.835099999999999909e+01	2.150515232318199921e+01
2.201500000000000057e+01	2.284321382285579105e+01
1.461800000000000033e+01	1.960333099550880931e+01
2.065300000000000225e+01	2.285257090340195063e+01
1.964499999999999957e+01	2.053967859764908255e+01
1.855799999999999983e+01	2.133055823930715533e+01
2.220499999999999829e+01	2.042661782395348524e+01
2.486899999999999977e+01	2.303203278155404021e+01
2.170599999999999952e+01	2.164604294508342619e+01
2.175000000000000000e+01	2.194301173818335471e+01
2.452300000000000324e+01	2.397636445460636523e+01
2.059099999999999753e+01	2.263055289762117894e+01
2.158599999999999852e+01	2.121839799753051636e+01
2.456800000000000139e+01	2.308175377876592549e+01
2.545400000000000063e+01	2.409407603411391463e+01
2.307000000000000028e+01	2.393019663032446331e+01
2.450099999999999767e+01	2.468583940606926319e+01
2.371499999999999986e+01	2.635520077620497759e+01
1.914999999999999858e+01	2.122959058111856478e+01
2.397100000000000009e+01	2.510181402616708368e+01
2.042900000000000205e+01	2.380623075602542826e+01
2.110900000000000176e+01	2.320296859281152990e+01
1.993799999999999883e+01	2.412801899452009735e+01
2.190099999999999980e+01	2.147331791412981516e+01
2.349500000000000099e+01	2.146858277245767255e+01
2.216499999999999915e+01	2.163439171749408629e+01
2.015200000000000102e+01	2.249887360241609713e+01
2.066800000000000281e+01	2.302944920467044199e+01
2.093199999999999861e+01	2.237105230351473040e+01
1.798400000000000176e+01	2.025508109319029870e+01
2.357499999999999929e+01	2.201541802071783138e+01
2.615500000000000114e+01	2.452150724835005846e+01
2.014400000000000190e+01	2.119118791503654364e+01
2.274500000000000099e+01	2.189451988091602530e+01
2.312999999999999901e+01	2.189242379366724478e+01
2.657400000000000162e+01	2.441064148050039151e+01
2.094699999999999918e+01	2.314100737817636499e+01
2.260099999999999909e+01	2.133596405710891730e+01
2.333999999999999986e+01	2.471930562636861595e+01
2.116600000000000037e+01	2.110877629254203569e+01
2.164199999999999946e+01	2.165924271377265242e+01
2.089099999999999824e+01	2.239300272442843109e+01
2.086100000000000065e+01	2.368768584444279313e+01
2.308500000000000085e+01	2.338942721134664637e+01
2.634300000000000352e+01	2.338464084143306110e+01
2.327800000000000225e+01	2.397217569056806497e+01
2.031299999999999883e+01	2.151354282988263122e+01
2.268800000000000239e+01	2.188457534365779367e+01
2.294599999999999795e+01	2.507771110965597217e+01
2.079599999999999937e+01	2.253304518456935668e+01
2.479699999999999704e+01	2.529264082819274151e+01
1.632199999999999918e+01	2.137784083284030956e+01
2.411800000000000210e+01	2.213319475807970349e+01
2.286899999999999977e+01	2.651286621371967200e+01
2.332600000000000051e+01	2.700727776752617260e+01
1.984600000000000009e+01	2.135472674356892142e+01
2.433399999999999963e+01	2.234803673649504674e+01
2.182800000000000296e+01	2.257518279468563094e+01
2.662300000000000111e+01	2.462913434212608266e+01
2.023400000000000176e+01	2.186187489310631449e+01
2.301000000000000156e+01	2.142074223179895753e+01
2.122899999999999920e+01	1.965108031471688932e+01
2.383900000000000219e+01	2.332644764867107767e+01
2.525699999999999790e+01	2.459958652985320526e+01
2.727199999999999847e+01	2.520355325021576931e+01
2.230599999999999739e+01	2.083350413381235811e+01
2.091699999999999804e+01	2.097874423756587348e+01
2.191099999999999781e+01	2.408084069314845266e+01
2.694500000000000028e+01	2.428043354470318960e+01
2.121099999999999852e+01	2.033536426186911683e+01
2.390199999999999747e+01	2.392045922975115246e+01
2.049500000000000099e+01	2.139136242374368280e+01
1.856200000000000117e+01	1.995962917019315341e+01
2.011499999999999844e+01	2.320683406343368915e+01
2.569000000000000128e+01	2.466069128850759640e+01
2.249500000000000099e+01	2.328188055763488151e+01
2.246099999999999852e+01	2.277755225688464691e+01
1.469700000000000095e+01	2.089192195882166914e+01
1.929100000000000037e+01	2.181333170365687479e+01
1.946799999999999997e+01	2.029746730016232448e+01
2.143599999999999994e+01	2.060034511899210941e+01
2.226300000000000168e+01	2.038947201770175965e+01
2.254800000000000182e+01	2.245759825292609335e+01
2.437000000000000099e+01	2.444766824943084060e+01
2.468699999999999761e+01	2.253511251108486846e+01
2.361199999999999832e+01	2.408310936168122041e+01
2.351399999999999935e+01	2.319226182721314800e+01
2.275000000000000000e+01	2.334177992159124315e+01
2.771000000000000085e+01	2.600288742581915358e+01
2.176300000000000168e+01	2.058286130962846627e+01
2.103300000000000125e+01	2.230829684012027414e+01
1.877799999999999869e+01	2.136594409403921091e+01
2.144800000000000040e+01	2.341055644204592667e+01
2.195599999999999952e+01	2.143870484685306010e+01
2.391099999999999781e+01	2.275919282127618715e+01
2.230499999999999972e+01	2.446046782094428451e+01
2.685199999999999676e+01	2.262549088263830654e+01
2.196900000000000119e+01	2.161650025091530125e+01
2.612199999999999989e+01	2.319528997700649242e+01
2.241900000000000048e+01	2.371250332727349885e+01
2.502899999999999991e+01	2.324104208829874452e+01
1.752299999999999969e+01	2.458376453618566870e+01
2.157800000000000296e+01	2.351471014668402759e+01
2.655800000000000338e+01	2.264197772605721326e+01
2.655000000000000071e+01	2.385630138443106674e+01
2.115199999999999747e+01	2.095572047674917116e+01
1.948700000000000188e+01	2.051506184134876776e+01
2.297899999999999920e+01	2.312647321833459202e+01
2.233300000000000196e+01	2.041195497689566096e+01
2.397100000000000009e+01	2.268048660058665078e+01
2.292599999999999838e+01	2.281180956214017286e+01
2.295899999999999963e+01	2.483538945229889805e+01
1.877299999999999969e+01	2.383466915073800507e+01
2.446599999999999753e+01	2.769481357440665548e+01
2.480400000000000205e+01	2.163901360412080876e+01
2.184900000000000020e+01	2.276989868981290499e+01
1.711400000000000077e+01	1.942886413965914016e+01
2.607099999999999795e+01	2.422384891975867305e+01
2.555800000000000338e+01	2.669126093244125997e+01
2.202499999999999858e+01	2.505437293679914035e+01
1.891000000000000014e+01	2.381277071106908849e+01
1.870200000000000173e+01	2.238498210214494577e+01
2.187400000000000233e+01	2.188856003428250929e+01
2.427899999999999991e+01	2.190836377438159133e+01
2.478000000000000114e+01	2.248712927086128488e+01
2.559699999999999775e+01	2.277389857265487194e+01
2.413699999999999690e+01	2.138456989689682786e+01
2.409800000000000253e+01	2.381178327677504214e+01
1.962199999999999989e+01	1.975326947166088232e+01
2.177300000000000324e+01	2.140444217488118639e+01
2.143800000000000239e+01	2.438662677171197757e+01
2.176000000000000156e+01	2.116458260433451954e+01
1.971599999999999753e+01	2.256899002863213255e+01
2.290800000000000125e+01	2.069987628069970143e+01
2.138500000000000156e+01	2.310920121112834735e+01
2.605999999999999872e+01	2.475948648254962592e+01
1.556400000000000006e+01	1.923631633829958787e+01
2.465900000000000247e+01	2.498582008976142887e+01
2.121599999999999753e+01	2.170557513379694825e+01
2.833399999999999963e+01	2.505051003406322607e+01
1.778699999999999903e+01	2.000231560127799213e+01
2.012099999999999866e+01	2.165551858066507407e+01
1.765099999999999980e+01	2.072054076426936575e+01
2.254300000000000281e+01	2.235273677170254558e+01
2.262900000000000134e+01	2.095084597025697093e+01
2.309499999999999886e+01	2.231308264334574432e+01
2.790800000000000125e+01	2.585913689533515836e+01
2.343900000000000006e+01	1.998721823106311746e+01
2.504699999999999704e+01	2.271579458868022527e+01
2.370199999999999818e+01	2.173202353689202226e+01
1.874800000000000111e+01	1.891184923693345965e+01
2.059199999999999875e+01	2.197408429653384587e+01
2.947100000000000009e+01	2.523333870242532484e+01
2.165699999999999648e+01	2.295935438438366916e+01
1.960299999999999798e+01	2.259951605303666966e+01
2.336100000000000065e+01	2.205064801076085601e+01
2.396099999999999852e+01	2.181134243094567182e+01
2.130199999999999960e+01	2.112558506802541558e+01
2.538100000000000023e+01	2.476189175141875154e+01
2.114999999999999858e+01	2.045405346198754870e+01
2.195800000000000196e+01	2.058444243159600973e+01
2.317999999999999972e+01	2.078109188892651105e+01
2.572500000000000142e+01	2.123512825418286454e+01
2.330699999999999861e+01	2.441588171636173854e+01
1.939499999999999957e+01	2.273358235754856338e+01
2.512999999999999901e+01	2.452916292169122769e+01
2.163400000000000034e+01	2.282601811076093767e+01
2.458900000000000219e+01	2.476699402326158150e+01
2.444300000000000139e+01	2.361288566882969775e+01
2.392399999999999949e+01	2.343493632694898565e+01
2.387000000000000099e+01	2.253161718923994172e+01
2.110000000000000142e+01	1.820140507487813508e+01
2.139499999999999957e+01	2.346054471752454162e+01
2.130499999999999972e+01	2.227946997250266037e+01
2.182600000000000051e+01	2.255139990665010430e+01
1.855499999999999972e+01	1.867606515532667188e+01
2.126999999999999957e+01	2.363478904973863948e+01
2.339099999999999824e+01	2.298857970416364438e+01
2.472899999999999920e+01	2.404737170082324837e+01
2.591600000000000037e+01	2.383498332895125316e+01
2.256599999999999895e+01	2.119942309460956409e+01
1.933999999999999986e+01	2.163630378344898375e+01
2.325699999999999790e+01	2.125860416819473286e+01
2.139199999999999946e+01	2.393402487864376837e+01
1.777200000000000202e+01	2.082236926464891980e+01
2.447300000000000253e+01	2.435088014341055995e+01
2.117999999999999972e+01	2.174712616112725883e+01
2.428199999999999648e+01	2.371777186112367630e+01
2.126800000000000068e+01	2.261451798297361648e+01
2.410999999999999943e+01	2.300931760210854904e+01
2.602599999999999980e+01	2.491485706858788518e+01
2.553900000000000148e+01	2.192511852974217135e+01
2.869699999999999918e+01	2.642239239698505671e+01
2.128199999999999648e+01	2.210243008741533899e+01
2.178400000000000247e+01	2.057513385832768904e+01
2.102699999999999747e+01	2.395072945561545197e+01
2.569999999999999929e+01	2.148908312715275315e+01
2.402699999999999747e+01	2.439578724808305310e+01
2.438400000000000034e+01	2.586691987956615080e+01
2.197199999999999775e+01	2.352680950186937281e+01
1.862400000000000233e+01	2.112916792545459899e+01
2.349199999999999733e+01	2.655265670680366696e+01
2.066300000000000026e+01	2.188089134980462092e+01
2.124800000000000111e+01	2.280919555261244014e+01
1.923099999999999810e+01	2.032814732311569372e+01
2.435900000000000176e+01	2.260438728009267351e+01
2.321999999999999886e+01	2.370775330412183735e+01
2.450499999999999901e+01	2.273404709857478068e+01
2.083999999999999986e+01	2.262877950992630005e+01
2.175300000000000011e+01	2.580633627209076053e+01
2.036200000000000188e+01	2.202976871118855229e+01
2.329199999999999804e+01	2.458382624717775755e+01
2.307900000000000063e+01	2.471861086897988002e+01
2.060399999999999920e+01	2.114835135759380691e+01
2.258099999999999952e+01	2.375876381364534495e+01
2.786300000000000310e+01	2.302979113811142042e+01
2.429500000000000171e+01	2.257982214425276268e+01
3.012900000000000134e+01	2.646696482643556081e+01
2.547199999999999775e+01	2.394731966212111374e+01
2.511699999999999733e+01	2.387271140498916466e+01
1.751800000000000068e+01	2.024817335634422122e+01
2.383699999999999974e+01	2.081606189013205110e+01
2.138500000000000156e+01	2.182889745824283878e+01
2.471000000000000085e+01	2.228983915427084028e+01
2.536199999999999832e+01	2.561179002106361224e+01
2.311100000000000065e+01	2.330642724091951479e+01
1.803000000000000114e+01	2.207358269389787608e+01
1.809199999999999875e+01	2.131251732515545427e+01
2.236800000000000210e+01	2.219266979469260193e+01
2.263100000000000023e+01	2.325967473043245448e+01
2.574900000000000233e+01	2.200134612341961926e+01
2.177899999999999991e+01	2.217833108077953597e+01
2.208699999999999974e+01	2.150614326826950418e+01
2.360800000000000054e+01	2.186379038229629046e+01
2.177199999999999847e+01	2.094447799125300591e+01
1.932900000000000063e+01	2.269845454072950375e+01
2.498900000000000077e+01	2.368357067999004073e+01
2.274800000000000111e+01	1.889627947097305238e+01
2.360599999999999810e+01	2.093381624995607027e+01
1.862800000000000011e+01	2.011247142035597690e+01
2.401599999999999824e+01	2.510254267152919994e+01
1.573299999999999876e+01	2.060139173715637639e+01
2.013400000000000034e+01	2.336741290779503544e+01
2.223199999999999932e+01	2.126441983601920427e+01
2.478900000000000148e+01	2.175725721565715176e+01
2.305199999999999960e+01	2.366972716529911480e+01
2.413899999999999935e+01	2.427114421888714801e+01
2.509400000000000119e+01	2.368521083871393884e+01
1.740399999999999991e+01	2.005490978911749878e+01
2.121400000000000219e+01	2.280320689980454318e+01
2.475499999999999901e+01	2.647775210612607566e+01
2.550800000000000267e+01	2.317436518196734596e+01
2.278300000000000125e+01	2.388404371736593390e+01
2.369800000000000040e+01	2.364129424555236270e+01
2.534600000000000009e+01	2.149925235489208220e+01
2.290900000000000247e+01	2.194078653085635366e+01
2.338400000000000034e+01	2.356469750194775870e+01
1.433699999999999974e+01	1.891777893623129359e+01
2.510599999999999810e+01	2.427387664671411827e+01
2.222199999999999775e+01	2.396384954742838147e+01
2.544199999999999662e+01	2.339637395825118560e+01
2.239400000000000190e+01	2.298001742603732467e+01
2.050000000000000000e+01	2.251565917757518065e+01
2.468400000000000105e+01	2.255986326607158432e+01
2.190800000000000125e+01	2.258135858636785542e+01
2.142000000000000171e+01	2.362711433057320676e+01
2.121999999999999886e+01	2.101522883050487778e+01
1.894900000000000162e+01	2.187886430194233967e+01
2.385999999999999943e+01	2.349438551066573666e+01
2.174900000000000233e+01	2.275835933228998798e+01
2.251800000000000068e+01	2.430148010936048308e+01
2.242300000000000182e+01	2.099764873722529046e+01
2.338599999999999923e+01	2.192255313049202314e+01
2.108900000000000219e+01	2.186406430777054410e+01
2.536100000000000065e+01	2.477216452585377127e+01
2.099199999999999733e+01	2.002945802562272348e+01
2.318699999999999761e+01	2.235249465862577978e+01
1.899800000000000111e+01	1.969525863676440736e+01
2.385999999999999943e+01	2.531463817918104198e+01
1.938799999999999812e+01	2.234574621274562034e+01
2.673099999999999810e+01	2.416352473783592814e+01
2.055300000000000082e+01	2.405225182794122674e+01
2.052400000000000091e+01	2.031196108927755262e+01
1.826000000000000156e+01	1.992492676699103882e+01
2.193800000000000239e+01	2.238368227106962038e+01
2.772599999999999909e+01	2.317829332383937313e+01
2.101599999999999824e+01	2.079219678954980566e+01
2.035200000000000031e+01	2.310242017013318616e+01
2.527400000000000091e+01	2.252216594625903667e+01
2.415199999999999747e+01	2.505489868339014237e+01
2.071400000000000219e+01	2.223070906760083787e+01
2.056699999999999662e+01	2.314283761576229992e+01
2.516099999999999781e+01	2.398345829788322803e+01
2.471900000000000119e+01	2.192842543890732543e+01
2.611400000000000077e+01	2.404193418675538041e+01
2.562599999999999767e+01	2.469419704326691090e+01
2.213800000000000168e+01	2.435364130618060585e+01
2.639400000000000190e+01	2.345558498435812922e+01
2.563500000000000156e+01	2.436522699700339345e+01
1.995400000000000063e+01	1.869248127478631716e+01
2.046499999999999986e+01	2.236949600760826229e+01
2.662599999999999767e+01	2.294867134024387667e+01
2.412599999999999767e+01	2.383498808383652801e+01
2.273000000000000043e+01	2.316594044844329758e+01
2.494400000000000261e+01	2.206714718516372997e+01
2.479199999999999804e+01	2.348030167039418359e+01
2.620699999999999719e+01	2.461047071174048995e+01
2.589699999999999847e+01	2.702801128001954467e+01
2.294000000000000128e+01	2.120547298365073985e+01
2.463699999999999690e+01	2.160892938759493020e+01
2.008299999999999841e+01	2.137591753912587222e+01
2.442300000000000182e+01	2.174338415697099336e+01
2.221099999999999852e+01	2.103386355365421778e+01
1.980400000000000205e+01	2.092886721033619324e+01
2.194099999999999895e+01	2.140903570187149185e+01
2.541000000000000014e+01	2.550840913027015944e+01
2.421300000000000097e+01	2.318339730349716987e+01
2.376900000000000190e+01	2.223240570501775437e+01
2.324900000000000233e+01	2.238881795456259738e+01
2.224399999999999977e+01	2.352151356715359043e+01
2.360199999999999676e+01	2.313655234390200377e+01
2.556500000000000128e+01	2.340923675603800191e+01
2.602300000000000324e+01	2.277812186910619019e+01
2.143800000000000239e+01	2.348113917460646149e+01
2.447300000000000253e+01	2.251143870788331824e+01
2.379199999999999804e+01	2.390626387334682690e+01
2.577899999999999991e+01	2.333468131401556178e+01
2.150400000000000134e+01	2.270167506577599070e+01
2.599599999999999866e+01	2.399590372030326080e+01
2.365300000000000225e+01	2.173927140710663508e+01
2.024599999999999866e+01	2.163722923498835371e+01
2.305400000000000205e+01	2.201716583111148395e+01
2.094000000000000128e+01	2.354332415946331380e+01
2.633300000000000196e+01	2.246111166395875713e+01
2.039600000000000080e+01	2.053561711539474288e+01
2.258399999999999963e+01	2.305168617438388168e+01
2.498600000000000065e+01	2.535407451448200078e+01
2.301399999999999935e+01	2.260736975515657932e+01
2.227699999999999747e+01	2.099039606032691907e+01
2.308099999999999952e+01	2.417811469837654315e+01
2.423099999999999810e+01	2.466263480776324712e+01
2.522199999999999775e+01	2.258185110007998375e+01
2.472699999999999676e+01	2.029538044809711650e+01
2.117699999999999960e+01	2.160268719851000085e+01
2.215599999999999881e+01	2.338133285367187497e+01
2.453400000000000247e+01	2.093905716184808696e+01
2.086400000000000077e+01	2.354049279929455452e+01
2.171099999999999852e+01	2.121182065005545425e+01
2.123400000000000176e+01	2.114097120362859883e+01
2.326000000000000156e+01	2.142270227198880050e+01
2.365300000000000225e+01	2.381791140972083198e+01
2.316099999999999781e+01	2.360774639789511298e+01
2.266800000000000281e+01	2.204814630514601959e+01
2.177899999999999991e+01	2.502379043399078640e+01
1.876900000000000190e+01	2.259427774103422593e+01
2.183099999999999952e+01	2.324809647429330539e+01
2.566000000000000014e+01	2.436173593936901938e+01
2.248000000000000043e+01	2.323165092455073122e+01
2.168499999999999872e+01	2.045609855279441547e+01
2.199399999999999977e+01	2.267197423679594337e+01
2.396300000000000097e+01	2.198576099283066654e+01
2.062000000000000099e+01	2.175255352264044717e+01
2.117000000000000171e+01	2.187933401700074398e+01
2.082999999999999829e+01	2.314409816805488873e+01
2.209900000000000020e+01	2.300254592752841276e+01
2.406800000000000139e+01	2.208693648151379918e+01
2.438599999999999923e+01	2.649572677265692988e+01
1.766799999999999926e+01	2.063677987480242138e+01
2.461599999999999966e+01	2.375985376028978635e+01
2.546099999999999852e+01	2.351402216865105288e+01
2.217500000000000071e+01	2.123072775502141951e+01
2.640900000000000247e+01	2.589855120430556923e+01
2.306800000000000139e+01	2.206325071447776054e+01
2.309800000000000253e+01	2.345541251708836938e+01
1.907000000000000028e+01	2.033105941497821689e+01
1.931500000000000128e+01	2.351685892260053734e+01
1.801200000000000045e+01	2.030884411927982569e+01
1.972299999999999898e+01	2.153745134817162565e+01
1.845100000000000051e+01	2.140927773947589330e+01
2.372599999999999909e+01	2.390779322880619162e+01
2.080900000000000105e+01	2.111863787853302199e+01
2.142399999999999949e+01	1.966291995348945676e+01
2.521300000000000097e+01	2.248798553618443563e+01
2.207300000000000040e+01	2.455363916321871898e+01
2.572300000000000253e+01	2.319669251312533831e+01
2.406300000000000239e+01	2.332962743187585986e+01
2.168800000000000239e+01	2.220028899373562226e+01
2.337000000000000099e+01	2.196088271050352247e+01
2.201000000000000156e+01	2.349220602102008115e+01
2.446900000000000119e+01	2.227198112776409289e+01
2.268400000000000105e+01	2.282469575959411401e+01
2.499300000000000210e+01	2.447961263902859130e+01
2.091400000000000148e+01	2.091984279850132467e+01
1.920599999999999952e+01	2.096752239492435521e+01
2.102499999999999858e+01	2.128633085910053069e+01
2.566499999999999915e+01	2.348936883594921810e+01
1.989300000000000068e+01	2.049177093422508378e+01
2.549800000000000111e+01	2.319980657501618282e+01
1.924500000000000099e+01	2.103508823918282999e+01
2.771699999999999875e+01	2.552832374334158416e+01
1.973999999999999844e+01	2.488400069589915731e+01
2.371699999999999875e+01	2.151580686362929384e+01
2.207600000000000051e+01	2.204236274929793993e+01
2.694199999999999662e+01	2.307757924667449601e+01
2.199500000000000099e+01	2.320986570913690628e+01
2.075800000000000267e+01	2.220022693828573779e+01
2.333800000000000097e+01	2.336830327088098969e+01
2.028200000000000003e+01	2.251479721634574105e+01
2.148099999999999810e+01	2.344887094755715751e+01
2.153199999999999648e+01	2.236866786538070784e+01
2.018299999999999983e+01	2.251051940704908816e+01
2.412800000000000011e+01	2.271491213098045492e+01
2.772699999999999676e+01	2.657910049913875028e+01
2.531699999999999662e+01	2.497710301735019556e+01
2.176099999999999923e+01	2.329413961469263583e+01
2.483699999999999974e+01	1.963890163483495854e+01
2.067099999999999937e+01	2.326357411866630187e+01
2.072599999999999909e+01	2.053798591427836939e+01
2.494599999999999795e+01	2.619303100505585391e+01
2.243199999999999861e+01	2.132642010816912759e+01
2.322500000000000142e+01	2.450377276853280861e+01
2.467599999999999838e+01	2.121598728512921639e+01
2.496699999999999875e+01	2.460535250006451591e+01
2.424599999999999866e+01	2.145437464650366266e+01
2.427199999999999847e+01	2.197909057264548593e+01
2.555800000000000338e+01	2.147687067674820938e+01
2.087300000000000111e+01	2.108363018352957852e+01
2.311599999999999966e+01	2.396807329098327699e+01
2.482300000000000040e+01	2.631969894959373590e+01
2.220599999999999952e+01	2.314686201411581123e+01
2.492699999999999960e+01	2.472294192950979763e+01
2.249599999999999866e+01	2.122935053044575326e+01
2.271099999999999852e+01	2.161651909272939776e+01
2.115099999999999980e+01	2.123092281065034115e+01
2.275800000000000267e+01	2.169530758228387768e+01
2.194500000000000028e+01	2.069527179017910612e+01
1.822100000000000009e+01	2.246113799260947630e+01
